  3.7100000e+000 -6.1543000e-001  3.5368650e+000
  0.0000000e+000  1.6457000e-001  7.4768650e+000
  0.0000000e+000  3.1457000e-001  1.2736865e+001
  0.0000000e+000 -6.6543000e-001  1.6126865e+001
  0.0000000e+000 -1.2854300e+000  7.4686500e-001
  0.0000000e+000 -6.8543000e-001 -1.5433135e+001
  0.0000000e+000  3.6457000e-001 -1.3203135e+001
  0.0000000e+000  2.2645700e+000 -4.9831350e+000
  0.0000000e+000  3.5445700e+000  3.2968650e+000
  0.0000000e+000  3.9245700e+000  4.4368650e+000
  0.0000000e+000  4.2145700e+000  1.5768650e+000
  0.0000000e+000  3.9945700e+000  5.5668650e+000
  2.6500000e+000  4.6345700e+000  1.1906865e+001
  2.7000000e+000  6.7545700e+000  1.7216865e+001
  4.3800000e+000  7.1545700e+000  6.4268650e+000
  5.0300000e+000  6.2045700e+000  2.7686500e-001
  4.1100000e+000  5.0145700e+000  5.5968650e+000
  4.2800000e+000  3.3845700e+000  1.2736865e+001
  5.6100000e+000  1.1845700e+000  1.5696865e+001
  6.3900000e+000 -3.7543000e-001 -5.6131350e+000
  5.9400000e+000 -1.0954300e+000 -1.6813135e+001
  4.9600000e+000 -9.7543000e-001 -1.1663135e+001
  4.8100000e+000 -4.8543000e-001 -1.8231350e+000
  5.0700000e+000  2.4457000e-001  1.1596865e+001
  4.5900000e+000  1.1845700e+000  3.1586865e+001
  4.4000000e+000  2.9545700e+000  3.4896865e+001
  4.8800000e+000  5.1745700e+000  3.3886865e+001
  4.6700000e+000  7.1045700e+000  3.4776865e+001
  4.0400000e+000  7.9545700e+000  3.5126865e+001
  3.4200000e+000  9.1545700e+000  1.9316865e+001
  3.3900000e+000  1.0694570e+001  1.2896865e+001
  3.3400000e+000  1.1764570e+001  1.3996865e+001
  3.1300000e+000  1.1944570e+001  1.5836865e+001
  2.8000000e+000  1.1384570e+001  9.7768650e+000
  1.7300000e+000  1.0504570e+001 -1.7223135e+001
  3.4000000e-001  1.0284570e+001 -2.4063135e+001
 -3.2000000e-001  9.9245700e+000 -1.6393135e+001
  7.6000000e-001  9.5945700e+000 -5.4831350e+000
  2.4300000e+000  9.6145700e+000  1.8776865e+001
  3.0700000e+000  1.0164570e+001  5.4326865e+001
  3.3700000e+000  1.1374570e+001  6.1226865e+001
  3.8100000e+000  1.1794570e+001  6.0946865e+001
  5.1100000e+000  1.0654570e+001  5.9546865e+001
  6.8500000e+000  8.9345700e+000  5.0176865e+001
  7.8500000e+000  7.3945700e+000  2.7886865e+001
  8.8500000e+000  6.3545700e+000  2.2836865e+001
  9.8200000e+000  6.1745700e+000  2.3046865e+001
  1.2180000e+001  5.9545700e+000  2.0056865e+001
  1.4140000e+001  6.5945700e+000  2.6568650e+000
  1.3410000e+001  7.2045700e+000 -2.6773135e+001
  1.2700000e+001  6.1445700e+000 -3.2983135e+001
  1.4240000e+001  5.0945700e+000 -2.5753135e+001
  1.4480000e+001  6.4145700e+000 -1.3803135e+001
  1.4010000e+001  8.5945700e+000  9.1968650e+000
  1.4380000e+001  1.1104570e+001  2.4836865e+001
  1.4940000e+001  1.4334570e+001  2.9016865e+001
  1.4280000e+001  1.6804570e+001  2.9536865e+001
  1.3290000e+001  1.6524570e+001  2.9866865e+001
  1.2990000e+001  1.3154570e+001  1.7826865e+001
  1.3570000e+001  9.1845700e+000  2.4268650e+000
  1.3600000e+001  6.2245700e+000  4.3568650e+000
  1.5800000e+001  4.1745700e+000  8.6468650e+000
  1.9900000e+001  4.2445700e+000  8.0468650e+000
  2.1720000e+001  5.6045700e+000 -7.1731350e+000
  2.1520000e+001  5.8945700e+000 -2.2833135e+001
  2.0380000e+001  5.2145700e+000 -2.1313135e+001
  1.9010000e+001  4.6445700e+000 -1.3973135e+001
  1.7820000e+001  5.0645700e+000 -6.3831350e+000
  1.6170000e+001  6.6145700e+000 -1.0293135e+001
  1.3800000e+001  9.7945700e+000 -1.7513135e+001
  9.9700000e+000  1.4054570e+001 -1.3413135e+001
  5.8300000e+000  1.8714570e+001 -4.8531350e+000
  2.8600000e+000  1.9844570e+001  6.1686500e-001
  2.2000000e-001  1.6854570e+001 -1.6103135e+001
 -8.7000000e-001  1.2064570e+001 -2.7383135e+001
 -4.0000000e-002  7.9845700e+000 -2.0633135e+001
  2.3200000e+000  5.9345700e+000 -8.7831350e+000
  3.9500000e+000  4.8845700e+000  1.4968650e+000
  3.2400000e+000  3.3545700e+000  5.9068650e+000
  2.8700000e+000  1.3945700e+000  5.0568650e+000
  2.2700000e+000 -1.7543000e-001  7.5568650e+000
  1.5000000e-001 -4.4543000e-001  1.1626865e+001
 -5.1000000e-001 -1.9543000e-001  1.4066865e+001
  0.0000000e+000  6.9457000e-001 -8.8313500e-001
  2.2000000e-001  1.2645700e+000 -7.0731350e+000
  3.0000000e-002  1.7245700e+000 -6.4313500e-001
 -3.8000000e-001  1.9845700e+000  7.2068650e+000
 -1.7200000e+000  2.0145700e+000  7.8468650e+000
 -2.9500000e+000  2.2745700e+000 -1.5663135e+001
 -3.1400000e+000  2.5445700e+000 -2.4023135e+001
 -1.5500000e+000  2.1945700e+000 -1.7873135e+001
  3.4000000e-001  1.8845700e+000 -9.7331350e+000
  1.7400000e+000  1.8045700e+000  3.8268650e+000
  2.4200000e+000  1.6345700e+000  2.7216865e+001
  1.7600000e+000  2.0045700e+000  3.0176865e+001
  8.1000000e-001  3.5745700e+000  2.7176865e+001
 -1.1000000e-001  5.4145700e+000  2.6326865e+001
 -1.0800000e+000  7.4645700e+000  2.3326865e+001
 -1.6000000e+000  8.4245700e+000  5.7468650e+000
 -2.1800000e+000  8.1245700e+000  5.1868650e+000
 -1.7300000e+000  7.4945700e+000  1.2416865e+001
 -9.1000000e-001  6.7945700e+000  1.5376865e+001
 -1.7500000e+000  7.3945700e+000  4.8868650e+000
 -3.7600000e+000  7.9545700e+000 -2.3703135e+001
 -5.1400000e+000  6.5545700e+000 -3.0143135e+001
 -5.7100000e+000  4.4145700e+000 -2.2253135e+001
 -5.0400000e+000  3.2645700e+000 -9.6931350e+000
 -3.4800000e+000  2.3745700e+000  2.0446865e+001
 -1.5400000e+000  2.0545700e+000  5.1246865e+001
  4.5000000e-001  2.6445700e+000  5.2596865e+001
  1.8700000e+000  4.2845700e+000  4.7406865e+001
  4.0000000e+000  5.3545700e+000  4.4786865e+001
  6.3300000e+000  4.9645700e+000  3.4676865e+001
  7.4100000e+000  4.6445700e+000  1.5056865e+001
  8.5000000e+000  4.2845700e+000  1.1906865e+001
  9.6500000e+000  4.0545700e+000  1.3636865e+001
  9.8700000e+000  4.7945700e+000  1.2086865e+001
  1.0200000e+001  5.4745700e+000 -7.8131350e+000
  1.1800000e+001  5.1745700e+000 -3.4303135e+001
  1.2810000e+001  4.1245700e+000 -3.7463135e+001
  1.2660000e+001  3.1045700e+000 -2.8413135e+001
  1.2050000e+001  2.4845700e+000 -1.4433135e+001
  1.0840000e+001  3.0945700e+000  3.9168650e+000
  1.0550000e+001  3.8045700e+000  1.1186865e+001
  1.0260000e+001  4.3545700e+000  1.4886865e+001
  9.1100000e+000  4.3945700e+000  1.8146865e+001
  7.5500000e+000  3.4745700e+000  2.0216865e+001
  6.8300000e+000  3.0745700e+000  4.6668650e+000
  6.5100000e+000  5.9145700e+000 -1.0693135e+001
  6.3900000e+000  3.1334570e+001 -9.7831350e+000
  7.0600000e+000  3.9094570e+001 -5.4531350e+000
  8.1000000e+000  3.1844570e+001 -3.4731350e+000
  7.8400000e+000  2.4244570e+001 -1.4703135e+001
  7.1900000e+000  2.0674570e+001 -2.5183135e+001
  7.1300000e+000  2.0704570e+001 -2.1913135e+001
  6.8700000e+000  2.0984570e+001 -1.2153135e+001
  7.7300000e+000  1.9004570e+001 -3.1931350e+000
  1.0540000e+001  1.4914570e+001 -1.1043135e+001
  1.3420000e+001  1.0024570e+001 -1.7483135e+001
  1.5430000e+001  5.1645700e+000 -1.3063135e+001
  1.6920000e+001  1.8545700e+000 -5.8731350e+000
  1.8180000e+001  2.5457000e-001 -2.7431350e+000
  1.9990000e+001  8.2457000e-001 -2.3383135e+001
  2.2880000e+001  4.8845700e+000 -3.3683135e+001
  2.5410000e+001  1.0154570e+001 -2.8063135e+001
  2.4880000e+001  1.3844570e+001 -1.9313135e+001
  2.1660000e+001  1.5744570e+001 -1.0213135e+001
  1.8780000e+001  1.6674570e+001 -2.2431350e+000
  1.7250000e+001  1.7024570e+001  1.4686500e-001
  1.6240000e+001  1.7614570e+001  3.4768650e+000
  1.3710000e+001  1.8794570e+001  8.6268650e+000
  9.7900000e+000  1.8774570e+001  1.2456865e+001
  6.2700000e+000  1.6944570e+001 -7.9313500e-001
  3.0300000e+000  1.5894570e+001 -3.5831350e+000
 -2.3000000e-001  1.4624570e+001  1.2068650e+000
 -3.5100000e+000  1.1784570e+001  6.1368650e+000
 -4.9500000e+000  8.6145700e+000  4.7168650e+000
 -4.1800000e+000  5.0845700e+000 -1.8533135e+001
 -3.2900000e+000  1.5545700e+000 -2.5133135e+001
 -3.3800000e+000 -1.9054300e+000 -2.0353135e+001
 -3.6400000e+000 -4.2554300e+000 -1.2123135e+001
 -4.1900000e+000 -3.8554300e+000  8.0668650e+000
 -4.7300000e+000 -2.6154300e+000  3.5926865e+001
 -4.5100000e+000 -4.7543000e-001  3.9076865e+001
 -3.3100000e+000  3.0145700e+000  3.5576865e+001
 -3.0100000e+000  7.3145700e+000  3.3596865e+001
 -3.9900000e+000  1.3084570e+001  2.7406865e+001
 -4.0600000e+000  1.6304570e+001  8.7868650e+000
 -2.6000000e+000  1.6914570e+001  6.4568650e+000
 -1.3000000e+000  1.6814570e+001  9.3668650e+000
 -5.3000000e-001  1.7334570e+001  9.4968650e+000
 -1.3100000e+000  1.6574570e+001 -5.2431350e+000
 -1.9100000e+000  1.3714570e+001 -3.2893135e+001
 -2.7300000e+000  1.0434570e+001 -3.6963135e+001
 -2.1700000e+000  7.5945700e+000 -2.8913135e+001
 -7.0000000e-002  6.5745700e+000 -1.7783135e+001
  2.1600000e+000  5.9545700e+000  1.2886865e+001
  2.2800000e+000  4.5245700e+000  3.7596865e+001
  7.0000000e-001  1.6445700e+000  4.0826865e+001
 -5.8000000e-001 -4.3543000e-001  3.8786865e+001
 -9.7000000e-001 -8.1543000e-001  3.7626865e+001
 -6.5000000e-001  5.3457000e-001  2.5446865e+001
 -3.9000000e-001  2.2745700e+000  8.8568650e+000
 -1.4000000e-001  3.3845700e+000  8.5868650e+000
  5.3000000e-001  4.1745700e+000  1.1906865e+001
  1.3700000e+000  4.2945700e+000  1.0606865e+001
  1.6400000e+000  3.9645700e+000 -8.5031350e+000
  6.7000000e-001  3.0245700e+000 -2.6273135e+001
 -1.3100000e+000  1.5345700e+000 -2.4153135e+001
 -2.9800000e+000  4.2457000e-001 -1.5653135e+001
 -3.6600000e+000  3.0457000e-001 -5.6331350e+000
 -3.4300000e+000  5.8457000e-001  2.8268650e+000
 -2.9000000e+000  7.4457000e-001  4.5868650e+000
 -2.6100000e+000  4.5457000e-001  8.6568650e+000
 -2.7800000e+000  2.1457000e-001  1.2166865e+001
 -2.1100000e+000  7.4457000e-001  1.2806865e+001
 -5.4000000e-001  1.9845700e+000 -7.5431350e+000
  7.2000000e-001  3.0945700e+000 -2.0893135e+001
  8.4000000e-001  3.8845700e+000 -1.6913135e+001
  2.0000000e-001  5.2345700e+000 -9.4131350e+000
 -8.9000000e-001  5.6945700e+000 -4.3531350e+000
 -2.2600000e+000  5.4445700e+000 -1.1313135e+001
 -2.2500000e+000  5.1645700e+000 -1.7303135e+001
 -1.5400000e+000  3.9745700e+000 -1.3383135e+001
 -2.2800000e+000  3.6745700e+000 -5.1531350e+000
 -3.3500000e+000  4.5845700e+000  1.2168650e+000
 -3.0800000e+000  5.0145700e+000 -1.0903135e+001
 -2.4200000e+000  4.9545700e+000 -1.6423135e+001
 -1.7300000e+000  4.2445700e+000 -1.2473135e+001
 -1.1800000e+000  3.0945700e+000 -7.1631350e+000
 -1.5100000e+000  2.5645700e+000 -7.5331350e+000
 -1.7300000e+000  2.5845700e+000 -3.0683135e+001
 -9.0000000e-001  2.3845700e+000 -3.6513135e+001
  7.8000000e-001  1.5345700e+000 -2.8753135e+001
  2.2000000e+000  1.0445700e+000 -1.9143135e+001
  2.9700000e+000  1.8745700e+000 -7.2631350e+000
  3.6900000e+000  2.0045700e+000  5.5268650e+000
  4.3000000e+000  2.2345700e+000  8.2868650e+000
  3.9800000e+000  2.0445700e+000  1.1086865e+001
  3.3100000e+000  1.7345700e+000  1.6196865e+001
  3.1100000e+000  3.0545700e+000  1.6166865e+001
  2.5600000e+000  4.7445700e+000 -1.4731350e+000
  6.0000000e-001  5.4045700e+000 -4.8631350e+000
 -1.6900000e+000  4.8345700e+000  1.4686500e-001
 -2.6100000e+000  3.5545700e+000  3.2668650e+000
 -3.0000000e+000  3.3445700e+000 -6.0831350e+000
 -3.3700000e+000  3.9645700e+000 -3.2913135e+001
 -4.0000000e+000  3.5745700e+000 -3.6523135e+001
 -3.8100000e+000  2.9745700e+000 -2.7303135e+001
 -2.8000000e+000  2.9645700e+000 -1.5903135e+001
 -1.4800000e+000  3.3745700e+000  1.2256865e+001
  5.4000000e-001  3.9245700e+000  4.2186865e+001
  2.1700000e+000  4.1445700e+000  4.6086865e+001
  2.3800000e+000  3.5945700e+000  4.4286865e+001
  1.6900000e+000  2.8745700e+000  4.3586865e+001
  1.3000000e+000  3.2045700e+000  3.5246865e+001
  8.8000000e-001  4.4445700e+000  1.8036865e+001
 -8.2000000e-001  5.1445700e+000  1.7396865e+001
 -1.5800000e+000  4.5345700e+000  1.9786865e+001
 -3.8000000e-001  3.9845700e+000  1.7076865e+001
  8.0000000e-001  4.6145700e+000 -4.5231350e+000
 -1.1400000e+000  6.9545700e+000 -3.1993135e+001
 -5.1200000e+000  1.0864570e+001 -3.5043135e+001
 -9.6700000e+000  1.3064570e+001 -2.6233135e+001
 -1.3980000e+001  1.3154570e+001 -1.3463135e+001
 -1.6190000e+001  1.3354570e+001  1.6076865e+001
 -1.6260000e+001  1.3554570e+001  3.2906865e+001
 -1.8250000e+001  1.3614570e+001  3.4556865e+001
 -2.1270000e+001  1.2114570e+001  3.4106865e+001
 -2.1820000e+001  1.0124570e+001  3.5276865e+001
 -1.9470000e+001  8.3845700e+000  2.0146865e+001
 -1.6400000e+001  6.3745700e+000  4.4668650e+000
 -1.2110000e+001  3.7045700e+000  4.2668650e+000
 -5.9000000e+000  9.0457000e-001  6.3368650e+000
 -1.3100000e+000 -1.6754300e+000  5.3168650e+000
  5.2000000e-001 -3.7954300e+000 -1.5173135e+001
  3.1000000e-001 -5.2654300e+000 -3.1763135e+001
 -1.8900000e+000 -5.9554300e+000 -2.8593135e+001
 -3.8400000e+000 -5.7454300e+000 -1.8473135e+001
 -5.3200000e+000 -4.8554300e+000 -7.0531350e+000
 -7.2500000e+000 -3.2954300e+000 -5.4031350e+000
 -8.6200000e+000 -6.9543000e-001 -7.3731350e+000
 -9.0600000e+000  2.6045700e+000 -2.8531350e+000
 -8.8000000e+000  4.7045700e+000  3.3468650e+000
 -9.5800000e+000  5.2645700e+000  6.4668650e+000
 -1.0140000e+001  5.4945700e+000 -1.2683135e+001
 -1.0340000e+001  6.2045700e+000 -2.2743135e+001
 -9.8400000e+000  6.9145700e+000 -1.8123135e+001
 -8.1300000e+000  6.6445700e+000 -9.7731350e+000
 -7.1400000e+000  5.7845700e+000 -2.8831350e+000
 -6.8500000e+000  5.7045700e+000 -7.1631350e+000
 -7.0100000e+000  3.6145700e+000 -1.0913135e+001
 -7.7800000e+000  5.4570000e-002 -6.9831350e+000
 -7.5300000e+000 -3.8954300e+000  9.6865000e-002
 -7.0600000e+000 -7.0354300e+000  3.9568650e+000
 -7.0700000e+000 -8.6054300e+000 -1.0163135e+001
 -6.7200000e+000 -8.1154300e+000 -1.3463135e+001
 -5.4500000e+000 -6.3454300e+000 -7.2431350e+000
 -4.1500000e+000 -4.1154300e+000 -1.3131350e+000
 -3.3300000e+000 -3.4154300e+000 -4.0831350e+000
 -3.2100000e+000 -4.3054300e+000 -2.6483135e+001
 -3.8600000e+000 -4.9554300e+000 -2.9103135e+001
 -4.7100000e+000 -4.5254300e+000 -2.0373135e+001
 -5.0800000e+000 -3.2054300e+000 -1.0283135e+001
 -5.6200000e+000 -1.8454300e+000  5.4168650e+000
 -6.5200000e+000 -2.0154300e+000  2.2666865e+001
 -6.3300000e+000 -3.1454300e+000  2.5506865e+001
 -4.7400000e+000 -3.6454300e+000  2.6576865e+001
 -2.1700000e+000 -3.4754300e+000  2.7576865e+001
  6.2000000e-001 -3.4454300e+000  2.2186865e+001
  3.1700000e+000 -3.0754300e+000  3.7268650e+000
  4.5900000e+000 -2.5354300e+000  1.0268650e+000
  4.3600000e+000 -8.1543000e-001  4.3268650e+000
  3.2100000e+000  2.1345700e+000  6.1268650e+000
  3.3100000e+000  4.6345700e+000 -6.6631350e+000
  3.7400000e+000  5.7445700e+000 -3.2513135e+001
  2.8500000e+000  5.1345700e+000 -3.3903135e+001
  1.7600000e+000  3.7645700e+000 -2.3813135e+001
  4.5000000e-001  2.6745700e+000 -1.2633135e+001
 -1.2000000e-001  1.8145700e+000  2.0906865e+001
 -8.4000000e-001  7.6457000e-001  4.9356865e+001
 -2.0800000e+000  5.2457000e-001  5.1406865e+001
 -2.7200000e+000  3.8457000e-001  4.7486865e+001
 -3.2300000e+000  1.9457000e-001  4.5386865e+001
 -3.4700000e+000  4.3457000e-001  3.1876865e+001
 -4.1200000e+000  1.0645700e+000  1.5256865e+001
 -5.4700000e+000  2.7945700e+000  1.5816865e+001
 -6.1200000e+000  4.6745700e+000  1.7476865e+001
 -5.4000000e+000  5.2245700e+000  1.3386865e+001
 -4.4600000e+000  4.1645700e+000 -1.2503135e+001
 -4.1700000e+000  2.5145700e+000 -3.8063135e+001
 -3.8700000e+000  9.0457000e-001 -3.9073135e+001
 -2.8600000e+000 -3.0543000e-001 -2.9283135e+001
 -2.0800000e+000 -4.4543000e-001 -1.5493135e+001
 -2.7300000e+000 -8.4543000e-001  9.3368650e+000
 -3.6800000e+000 -2.3654300e+000  2.1006865e+001
 -3.1100000e+000 -4.3554300e+000  2.3886865e+001
 -2.3200000e+000 -5.6854300e+000  2.4086865e+001
 -2.1200000e+000 -5.0154300e+000  2.3086865e+001
 -2.3300000e+000 -3.4454300e+000  4.5268650e+000
 -2.7600000e+000 -2.4554300e+000 -8.2031350e+000
 -2.6500000e+000 -1.8454300e+000 -5.9231350e+000
 -2.3400000e+000 -2.1454300e+000 -6.1313500e-001
 -2.2400000e+000 -3.1554300e+000  8.2686500e-001
 -1.1900000e+000 -3.7854300e+000 -1.5213135e+001
  7.9000000e-001 -3.7254300e+000 -2.5963135e+001
  2.9900000e+000 -3.7654300e+000 -2.2333135e+001
  4.9500000e+000 -4.2454300e+000 -1.3423135e+001
  6.7300000e+000 -4.2654300e+000 -5.2131350e+000
  8.2600000e+000 -3.6354300e+000 -1.1653135e+001
  8.9800000e+000 -3.1254300e+000 -1.3553135e+001
  1.0070000e+001 -2.9754300e+000 -6.9731350e+000
  1.0750000e+001 -3.2054300e+000 -4.7313500e-001
  9.4700000e+000 -2.1654300e+000 -8.4313500e-001
  8.1600000e+000 -1.0754300e+000 -2.4153135e+001
  8.2800000e+000 -2.6543000e-001 -3.1653135e+001
  9.0500000e+000  7.4570000e-002 -2.4703135e+001
  1.0120000e+001  2.9457000e-001 -1.5413135e+001
  1.0680000e+001  7.2457000e-001 -5.8231350e+000
  1.0840000e+001  3.8457000e-001 -2.9731350e+000
  1.2730000e+001 -2.5543000e-001 -2.7531350e+000
  1.2970000e+001 -7.3543000e-001  6.2686500e-001
  1.0560000e+001 -1.1954300e+000  5.2668650e+000
  6.8000000e+000 -1.2754300e+000  4.3268650e+000
  3.4000000e+000 -1.5154300e+000 -1.2613135e+001
  1.4200000e+000 -2.1154300e+000 -1.3533135e+001
  8.3000000e-001 -2.6354300e+000 -8.0031350e+000
 -3.4000000e-001 -2.2954300e+000 -4.5231350e+000
 -8.6000000e-001 -2.5854300e+000 -1.2463135e+001
 -5.0000000e-001 -2.8854300e+000 -3.8243135e+001
 -4.1000000e-001 -2.0454300e+000 -4.1103135e+001
 -1.0400000e+000 -7.7543000e-001 -3.1823135e+001
  2.0000000e-002 -3.6543000e-001 -2.0683135e+001
  2.4400000e+000 -1.0554300e+000  1.8568650e+000
  4.3600000e+000 -3.4754300e+000  2.1986865e+001
  5.1300000e+000 -5.2654300e+000  2.3216865e+001
  3.5000000e+000 -6.1854300e+000  2.2436865e+001
 -9.6000000e-001 -6.7554300e+000  2.3706865e+001
 -4.8900000e+000 -6.7654300e+000  1.5976865e+001
 -7.2100000e+000 -7.0154300e+000 -2.7313500e-001
 -8.1400000e+000 -6.8654300e+000  1.2568650e+000
 -8.5100000e+000 -6.0154300e+000  6.7368650e+000
 -8.5200000e+000 -5.8554300e+000  8.5668650e+000
 -6.6200000e+000 -5.7554300e+000 -9.2031350e+000
 -4.0900000e+000 -5.7854300e+000 -3.4223135e+001
 -2.5600000e+000 -6.5954300e+000 -3.4733135e+001
 -1.5900000e+000 -7.5854300e+000 -2.4013135e+001
 -1.8200000e+000 -8.8054300e+000 -9.7831350e+000
 -1.4500000e+000 -9.1554300e+000  2.7856865e+001
 -1.2700000e+000 -8.9254300e+000  4.9726865e+001
 -2.9000000e+000 -9.5354300e+000  4.9476865e+001
 -4.7000000e+000 -1.0055430e+001  4.5396865e+001
 -6.3900000e+000 -1.0325430e+001  4.3186865e+001
 -7.7700000e+000 -1.1045430e+001  2.7856865e+001
 -8.0900000e+000 -1.1135430e+001  1.4226865e+001
 -6.9200000e+000 -1.0595430e+001  1.4486865e+001
 -3.8400000e+000 -1.0605430e+001  1.4776865e+001
 -1.2000000e-001 -1.1595430e+001  1.0056865e+001
  2.2700000e+000 -1.1875430e+001 -1.6793135e+001
  2.9700000e+000 -9.9154300e+000 -3.6913135e+001
  2.4200000e+000 -8.4354300e+000 -3.3653135e+001
  2.3000000e+000 -8.6354300e+000 -2.2003135e+001
  2.0400000e+000 -1.0035430e+001 -7.3131350e+000
  1.5900000e+000 -1.1015430e+001  1.0446865e+001
  1.3500000e+000 -1.0395430e+001  1.6356865e+001
  1.8100000e+000 -9.0254300e+000  1.9476865e+001
  1.9400000e+000 -7.1954300e+000  2.2146865e+001
  6.8000000e-001 -5.6454300e+000  2.2386865e+001
 -1.2000000e-001 -5.4854300e+000  1.1268650e+000
 -6.8000000e-001 -5.9654300e+000 -1.0413135e+001
 -1.2700000e+000 -6.8954300e+000 -8.2031350e+000
 -1.4700000e+000 -8.5154300e+000 -3.7031350e+000
 -1.1700000e+000 -8.9554300e+000 -2.8531350e+000
 -5.9000000e-001 -8.2254300e+000 -1.8523135e+001
 -3.0000000e-002 -7.0254300e+000 -2.6373135e+001
  4.0000000e-002 -6.4154300e+000 -2.0403135e+001
 -4.3000000e-001 -6.4054300e+000 -8.9131350e+000
 -7.8000000e-001 -7.2054300e+000 -1.2431350e+000
 -2.3000000e-001 -8.9154300e+000 -1.2223135e+001
  7.3000000e-001 -1.0255430e+001 -1.4303135e+001
  1.8900000e+000 -1.0835430e+001 -7.2631350e+000
  2.5600000e+000 -1.0705430e+001 -2.5313500e-001
  2.8000000e+000 -1.0765430e+001 -1.5931350e+000
  3.0900000e+000 -1.0445430e+001 -2.4633135e+001
  2.6200000e+000 -9.7554300e+000 -2.9133135e+001
  1.5200000e+000 -8.5354300e+000 -2.0893135e+001
  6.6000000e-001 -7.4254300e+000 -1.0353135e+001
 -3.1000000e-001 -7.2954300e+000  1.9468650e+000
 -9.0000000e-001 -6.4254300e+000  8.9068650e+000
 -4.6000000e-001 -4.2154300e+000  1.0636865e+001
 -1.5000000e-001 -2.2754300e+000  1.3356865e+001
 -3.3000000e-001 -1.9954300e+000  1.6976865e+001
  0.0000000e+000 -3.8154300e+000  1.4606865e+001
  1.2000000e-001 -4.8554300e+000 -1.3231350e+000
 -8.1000000e-001 -5.0054300e+000 -2.4731350e+000
 -1.0000000e+000 -5.5954300e+000  2.4368650e+000
 -6.0000000e-002 -6.3354300e+000  5.8768650e+000
  6.9000000e-001 -6.5654300e+000 -6.2231350e+000
  4.2000000e-001 -6.3954300e+000 -3.0433135e+001
  5.7000000e-001 -6.1954300e+000 -3.1083135e+001
  1.4200000e+000 -6.2454300e+000 -2.1423135e+001
  2.2600000e+000 -7.1954300e+000 -9.9931350e+000
  2.9200000e+000 -8.2754300e+000  1.8246865e+001
  2.5000000e+000 -8.2354300e+000  3.8686865e+001
  8.5000000e-001 -7.7854300e+000  3.7636865e+001
 -6.3000000e-001 -7.2054300e+000  3.3176865e+001
 -1.3000000e-001 -6.0654300e+000  3.1986865e+001
  1.2000000e+000 -4.8854300e+000  1.9506865e+001
  6.4000000e-001 -4.4154300e+000  2.2668650e+000
 -6.3000000e-001 -4.6354300e+000  2.1468650e+000
 -1.8700000e+000 -3.8954300e+000  5.0068650e+000
 -1.9800000e+000 -1.0454300e+000  4.0168650e+000
 -1.2600000e+000  4.8457000e-001 -1.8303135e+001
 -1.6000000e-001 -1.5543000e-001 -3.9893135e+001
  2.4900000e+000 -1.3354300e+000 -3.9023135e+001
  5.3700000e+000 -3.0354300e+000 -2.9143135e+001
  7.5600000e+000 -5.7854300e+000 -1.4593135e+001
  9.3200000e+000 -8.7954300e+000  2.2646865e+001
  1.0830000e+001 -1.0565430e+001  4.0466865e+001
  1.0770000e+001 -1.0395430e+001  4.0736865e+001
  1.0140000e+001 -7.9854300e+000  3.9986865e+001
  9.2300000e+000 -4.6854300e+000  4.2366865e+001
  8.0800000e+000 -1.6554300e+000  2.5486865e+001
  6.9300000e+000 -2.4543000e-001  1.1326865e+001
  5.9500000e+000  5.5457000e-001  1.0256865e+001
  3.8500000e+000  1.6945700e+000  1.1056865e+001
  1.1800000e+000  2.3345700e+000  7.6168650e+000
  6.2000000e-001  8.6457000e-001 -1.7533135e+001
  6.5000000e-001 -3.3054300e+000 -3.1773135e+001
 -2.0000000e-001 -8.6854300e+000 -2.7943135e+001
 -4.5000000e-001 -1.3145430e+001 -1.7713135e+001
  1.4000000e-001 -1.6095430e+001 -5.2531350e+000
  8.8000000e-001 -1.8805430e+001  2.9968650e+000
  1.5700000e+000 -2.1235430e+001  5.9768650e+000
  1.1400000e+000 -2.1415430e+001  1.1766865e+001
  4.7000000e-001 -1.9195430e+001  1.7916865e+001
  1.1000000e+000 -1.4995430e+001  1.8046865e+001
  2.1100000e+000 -9.9454300e+000 -3.7331350e+000
  2.7700000e+000 -5.9454300e+000 -1.0913135e+001
  2.8400000e+000 -2.9654300e+000 -5.7331350e+000
  4.1200000e+000 -3.0543000e-001  1.3868650e+000
  4.6100000e+000  5.6457000e-001  3.3568650e+000
  4.5600000e+000  1.8457000e-001 -8.1331350e+000
  4.8500000e+000 -9.5543000e-001 -1.0923135e+001
  5.1300000e+000 -2.3954300e+000 -4.9431350e+000
  5.4000000e+000 -3.9254300e+000  4.2468650e+000
  4.7200000e+000 -4.3854300e+000  8.2768650e+000
  2.4600000e+000 -4.0154300e+000 -5.8431350e+000
 -5.0000000e-001 -3.2354300e+000 -7.0031350e+000
 -3.2400000e+000 -3.3254300e+000 -7.3135000e-002
 -5.5500000e+000 -4.1854300e+000  7.7468650e+000
 -7.3000000e+000 -4.2054300e+000  4.8368650e+000
 -7.8200000e+000 -4.4554300e+000 -1.6833135e+001
 -7.9600000e+000 -4.4854300e+000 -1.8313135e+001
 -8.6000000e+000 -4.2954300e+000 -9.8131350e+000
 -8.8900000e+000 -5.6454300e+000 -9.2313500e-001
 -8.1000000e+000 -7.4154300e+000  1.0936865e+001
 -7.1100000e+000 -8.5054300e+000  1.7336865e+001
 -6.1200000e+000 -9.1654300e+000  1.8476865e+001
 -4.2200000e+000 -1.0465430e+001  2.0966865e+001
 -1.2600000e+000 -1.1765430e+001  2.4376865e+001
  2.0400000e+000 -1.2185430e+001  1.7956865e+001
  4.3900000e+000 -1.1125430e+001  1.4868650e+000
  5.3200000e+000 -8.6154300e+000  2.8168650e+000
  5.7300000e+000 -6.3754300e+000  9.8268650e+000
  4.5200000e+000 -4.8554300e+000  1.4566865e+001
  3.1400000e+000 -3.5554300e+000  1.6686500e-001
  3.7100000e+000 -2.0454300e+000 -2.2883135e+001
  3.7000000e+000  3.0457000e-001 -2.3593135e+001
  3.3000000e+000  2.6845700e+000 -1.5523135e+001
  3.1000000e+000  4.3845700e+000 -4.3831350e+000
  2.5200000e+000  6.3245700e+000  2.7576865e+001
  1.8200000e+000  7.0645700e+000  4.4746865e+001
  1.9100000e+000  6.3545700e+000  4.2176865e+001
  2.8000000e+000  5.6145700e+000  3.7996865e+001
  3.6600000e+000  4.7745700e+000  3.7256865e+001
  4.5600000e+000  4.7645700e+000  2.2966865e+001
  4.9000000e+000  5.1345700e+000  9.2168650e+000
  5.1800000e+000  5.2545700e+000  1.0786865e+001
  5.8500000e+000  6.2045700e+000  1.4306865e+001
  6.0100000e+000  6.7045700e+000  1.2756865e+001
  6.0700000e+000  6.2245700e+000 -1.3043135e+001
  5.5400000e+000  5.2445700e+000 -3.1763135e+001
  6.1000000e+000  5.0745700e+000 -2.8903135e+001
  7.0900000e+000  6.1045700e+000 -1.8913135e+001
  6.6700000e+000  7.1645700e+000 -4.4831350e+000
  5.1500000e+000  7.5945700e+000  2.6786865e+001
  4.1000000e+000  7.5545700e+000  3.7546865e+001
  3.2700000e+000  7.2145700e+000  3.7626865e+001
  2.1700000e+000  5.9245700e+000  3.6506865e+001
  1.4300000e+000  4.7245700e+000  3.3486865e+001
  1.3200000e+000  4.8345700e+000  1.0006865e+001
  2.1600000e+000  4.9945700e+000 -2.8631350e+000
  3.7800000e+000  4.3245700e+000 -1.5631350e+000
  4.6000000e+000  3.5545700e+000  1.4068650e+000
  5.0800000e+000  2.8245700e+000 -2.1631350e+000
  6.5000000e+000  2.7245700e+000 -2.8263135e+001
  9.8900000e+000  3.9645700e+000 -4.1123135e+001
  1.3030000e+001  5.1745700e+000 -3.6383135e+001
  1.4600000e+001  6.2445700e+000 -2.4613135e+001
  1.4400000e+001  7.1345700e+000 -1.3013135e+001
  1.3040000e+001  7.9545700e+000 -1.2913135e+001
  1.2900000e+001  8.9745700e+000 -1.1343135e+001
  1.3640000e+001  9.3745700e+000 -5.0631350e+000
  1.4730000e+001  9.2245700e+000  2.0068650e+000
  1.4120000e+001  9.0645700e+000  1.8868650e+000
  1.2810000e+001  7.9645700e+000 -1.8973135e+001
  1.3280000e+001  6.9045700e+000 -2.1103135e+001
  1.5310000e+001  6.4445700e+000 -1.1983135e+001
  1.6860000e+001  7.2945700e+000 -2.3431350e+000
  1.7620000e+001  8.1345700e+000  3.9568650e+000
  1.7490000e+001  7.2145700e+000 -2.1431350e+000
  1.7240000e+001  6.7845700e+000 -1.8531350e+000
  1.6660000e+001  8.1645700e+000  4.2968650e+000
  1.6230000e+001  9.5045700e+000  1.1076865e+001
  1.6350000e+001  9.7545700e+000  9.5768650e+000
  1.5420000e+001  9.6545700e+000 -6.7731350e+000
  1.3320000e+001  8.8845700e+000 -7.4531350e+000
  1.0810000e+001  7.8745700e+000 -1.0131350e+000
  8.9700000e+000  6.6545700e+000  4.5868650e+000
  7.3300000e+000  6.2445700e+000 -3.4931350e+000
  5.4000000e+000  7.2345700e+000 -2.2663135e+001
  4.0700000e+000  7.7945700e+000 -2.1503135e+001
  3.4100000e+000  7.8745700e+000 -1.3643135e+001
  2.8800000e+000  7.8545700e+000 -5.9431350e+000
  1.2200000e+000  8.4045700e+000  1.0916865e+001
 -3.9000000e-001  8.8045700e+000  2.1266865e+001
 -2.4500000e+000  8.5545700e+000  2.2086865e+001
 -5.6200000e+000  7.3645700e+000  2.2406865e+001
 -8.5300000e+000  5.7245700e+000  2.4976865e+001
 -1.0800000e+001  4.6045700e+000  1.4936865e+001
 -1.1460000e+001  4.0245700e+000 -2.9313500e-001
 -1.1320000e+001  4.8345700e+000  4.6686500e-001
 -1.1030000e+001  5.0245700e+000  4.6868650e+000
 -9.7400000e+000  2.3645700e+000  5.9968650e+000
 -7.9400000e+000 -9.9543000e-001 -1.4863135e+001
 -5.7300000e+000 -3.0554300e+000 -3.5823135e+001
 -1.9600000e+000 -4.2654300e+000 -3.3923135e+001
  3.0300000e+000 -3.6354300e+000 -2.3723135e+001
  7.8600000e+000 -2.4154300e+000 -1.0503135e+001
  1.1620000e+001 -8.3543000e-001  2.7376865e+001
  1.3680000e+001 -1.3543000e-001  4.4866865e+001
  1.3750000e+001 -4.5543000e-001  4.2916865e+001
  1.3750000e+001 -9.7543000e-001  3.9286865e+001
  1.1990000e+001 -8.8543000e-001  3.8636865e+001
  9.9300000e+000  2.6457000e-001  2.2696865e+001
  8.8600000e+000  2.5345700e+000  1.4666865e+001
  7.6700000e+000  4.8645700e+000  1.9006865e+001
  7.4800000e+000  5.2245700e+000  2.0856865e+001
  6.4100000e+000  3.5745700e+000  1.5666865e+001
  3.7500000e+000  2.2845700e+000 -1.4013135e+001
  1.6300000e+000  1.6645700e+000 -3.1973135e+001
  1.7200000e+000  5.3457000e-001 -3.0013135e+001
  3.0700000e+000 -1.1154300e+000 -2.1493135e+001
  3.8400000e+000 -2.3354300e+000 -6.8231350e+000
  4.0900000e+000 -2.8154300e+000  1.9196865e+001
  3.7900000e+000 -2.7854300e+000  2.7336865e+001
  3.4100000e+000 -2.6354300e+000  2.8436865e+001
  2.6900000e+000 -2.3054300e+000  2.7436865e+001
  2.0200000e+000 -2.0954300e+000  2.2516865e+001
  2.1100000e+000 -1.8454300e+000 -1.7931350e+000
  2.8500000e+000 -2.1454300e+000 -1.0023135e+001
  3.8500000e+000 -2.7354300e+000 -5.3631350e+000
  4.9100000e+000 -3.7254300e+000 -8.2313500e-001
  4.7700000e+000 -3.6554300e+000 -4.4331350e+000
  4.1500000e+000 -1.2454300e+000 -2.7233135e+001
  4.3500000e+000  5.1457000e-001 -3.4203135e+001
  4.1800000e+000  1.1245700e+000 -2.7553135e+001
  3.4100000e+000  3.5457000e-001 -1.6073135e+001
  2.5500000e+000 -8.3543000e-001 -8.0131350e+000
  1.8100000e+000 -1.4954300e+000 -1.3863135e+001
  8.1000000e-001 -1.8054300e+000 -1.2253135e+001
 -4.5000000e-001 -3.0754300e+000 -4.9031350e+000
  2.0000000e-001 -4.7054300e+000  2.2468650e+000
  2.5200000e+000 -5.3054300e+000 -3.0731350e+000
  4.4500000e+000 -5.3154300e+000 -2.7453135e+001
  5.9400000e+000 -5.9354300e+000 -2.9463135e+001
  6.6600000e+000 -7.7054300e+000 -2.0083135e+001
  6.8400000e+000 -9.0954300e+000 -1.0503135e+001
  8.1600000e+000 -8.7654300e+000 -3.8731350e+000
  9.9600000e+000 -6.8054300e+000 -6.3831350e+000
  1.1280000e+001 -3.8254300e+000 -4.1731350e+000
  1.1680000e+001 -1.6054300e+000  2.6568650e+000
  1.2010000e+001 -8.3543000e-001  1.1656865e+001
  1.2800000e+001 -5.2543000e-001  9.2668650e+000
  1.4230000e+001 -3.5430000e-002 -5.7231350e+000
  1.4940000e+001  7.2457000e-001 -5.4631350e+000
  1.4110000e+001  1.9145700e+000  6.7686500e-001
  1.3510000e+001  2.7945700e+000  5.1068650e+000
  1.3280000e+001  2.1145700e+000 -9.6531350e+000
  1.2120000e+001  1.9045700e+000 -3.1013135e+001
  1.1070000e+001  2.7745700e+000 -2.9223135e+001
  1.0960000e+001  3.5845700e+000 -1.8983135e+001
  9.8800000e+000  4.8245700e+000 -8.8731350e+000
  7.9400000e+000  5.9745700e+000  1.4786865e+001
  5.9300000e+000  7.1645700e+000  2.6906865e+001
  4.1700000e+000  8.9145700e+000  2.6756865e+001
  2.6400000e+000  8.7745700e+000  2.5966865e+001
  1.7500000e+000  6.1645700e+000  2.6496865e+001
  2.6200000e+000  3.2445700e+000  1.2776865e+001
  4.8000000e+000  1.5945700e+000  9.1686500e-001
  6.8600000e+000 -7.7354300e+000  4.6268650e+000
  8.0600000e+000 -1.9525430e+001  9.4668650e+000
  9.7800000e+000 -2.1915430e+001  8.5668650e+000
  1.2460000e+001 -2.1115430e+001 -1.7163135e+001
  1.3670000e+001 -2.0995430e+001 -3.4973135e+001
  1.2010000e+001 -2.0515430e+001 -3.0313135e+001
  9.8800000e+000 -1.8795430e+001 -1.7453135e+001
  9.4800000e+000 -1.6345430e+001  2.8686500e-001
  1.1060000e+001 -1.3555430e+001  4.2016865e+001
  1.4510000e+001 -9.7854300e+000  5.6416865e+001
  1.8340000e+001 -6.5654300e+000  5.4136865e+001
  1.8850000e+001 -4.6054300e+000  5.0826865e+001
  1.6970000e+001 -4.1754300e+000  4.7356865e+001
  1.5640000e+001 -4.6354300e+000  2.5146865e+001
  1.5140000e+001 -5.3954300e+000  1.4206865e+001
  1.3260000e+001 -5.9654300e+000  1.4936865e+001
  8.1200000e+000 -6.4454300e+000  1.5056865e+001
  3.1100000e+000 -7.2454300e+000  7.8168650e+000
  6.9000000e-001 -8.2354300e+000 -2.3453135e+001
 -2.0000000e+000 -7.1054300e+000 -3.8213135e+001
 -5.5600000e+000 -4.7454300e+000 -3.3773135e+001
 -8.1400000e+000 -2.8254300e+000 -2.2863135e+001
 -1.0580000e+001 -7.8543000e-001 -6.7031350e+000
 -1.2720000e+001  9.0457000e-001  1.0746865e+001
 -1.3020000e+001  1.0745700e+000  1.5866865e+001
 -1.1420000e+001 -2.7543000e-001  1.9086865e+001
 -8.6100000e+000 -3.0954300e+000  2.2866865e+001
 -6.7100000e+000 -5.5454300e+000  1.9966865e+001
 -5.5800000e+000 -7.6354300e+000 -3.1531350e+000
 -3.6200000e+000 -9.6854300e+000 -9.5431350e+000
 -1.7200000e+000 -1.0945430e+001 -5.2431350e+000
  2.2000000e-001 -9.3654300e+000  2.4686500e-001
  1.8200000e+000 -8.2254300e+000 -9.3313500e-001
  2.8300000e+000 -8.3654300e+000 -1.7953135e+001
  4.4500000e+000 -8.7754300e+000 -2.1013135e+001
  6.6100000e+000 -9.4454300e+000 -1.4643135e+001
  7.8300000e+000 -8.4654300e+000 -5.5831350e+000
  7.2100000e+000 -7.1154300e+000 -1.9031350e+000
  6.7700000e+000 -6.5854300e+000 -1.2113135e+001
  7.6700000e+000 -6.3754300e+000 -1.0533135e+001
  8.0400000e+000 -6.1354300e+000 -8.0313500e-001
  7.3700000e+000 -5.9754300e+000  8.6668650e+000
  5.3100000e+000 -6.0454300e+000  1.5668650e+000
  2.0800000e+000 -6.4054300e+000 -2.0813135e+001
 -6.7000000e-001 -6.2354300e+000 -2.2173135e+001
 -9.5000000e-001 -4.8654300e+000 -1.3413135e+001
  0.0000000e+000 -2.2854300e+000 -3.9031350e+000
  1.3100000e+000  6.7457000e-001  5.7768650e+000
  2.4900000e+000  2.8145700e+000  6.5668650e+000
  3.2200000e+000  4.4745700e+000  7.1968650e+000
  3.4400000e+000  5.2045700e+000  1.0046865e+001
  3.1900000e+000  4.5545700e+000  1.4556865e+001
  3.1200000e+000  3.2845700e+000  6.4568650e+000
  3.5600000e+000  3.0645700e+000 -6.8031350e+000
  4.2300000e+000  2.3945700e+000 -4.7931350e+000
  4.6000000e+000  1.0645700e+000  1.2168650e+000
  5.2900000e+000 -1.5430000e-002  4.8268650e+000
  5.9400000e+000 -8.2543000e-001 -1.4693135e+001
  6.9400000e+000 -5.9543000e-001 -3.4303135e+001
  7.2900000e+000 -1.0154300e+000 -3.1333135e+001
  6.6400000e+000 -1.8054300e+000 -2.1703135e+001
  5.9900000e+000 -1.8354300e+000 -1.0243135e+001
  6.4100000e+000 -1.7454300e+000  1.8926865e+001
  6.5200000e+000 -1.6554300e+000  3.0716865e+001
  6.3500000e+000 -1.7454300e+000  2.9896865e+001
  5.8700000e+000 -8.9543000e-001  2.8966865e+001
  4.4500000e+000 -4.0543000e-001  2.9936865e+001
  2.5300000e+000 -2.3543000e-001  1.4876865e+001
  1.4000000e+000  3.4570000e-002  5.1268650e+000
  2.0000000e-002 -1.5430000e-002  7.8068650e+000
 -1.3500000e+000  1.1457000e-001  1.0046865e+001
 -2.0500000e+000  6.5457000e-001  5.1368650e+000
 -2.6800000e+000  2.1845700e+000 -2.4903135e+001
 -2.9400000e+000  4.8645700e+000 -4.0613135e+001
 -2.0700000e+000  7.0245700e+000 -3.3103135e+001
 -2.2000000e-001  7.5445700e+000 -1.8063135e+001
  1.9600000e+000  6.2945700e+000  1.3168650e+000
  3.6000000e+000  4.9245700e+000  3.8226865e+001
  4.4100000e+000  3.8245700e+000  4.7476865e+001
  4.2300000e+000  2.7345700e+000  4.4546865e+001
  3.0300000e+000  2.5345700e+000  4.1356865e+001
  1.1500000e+000  4.4845700e+000  3.7126865e+001
 -1.5100000e+000  5.9845700e+000  1.3886865e+001
 -3.3500000e+000  5.7245700e+000  4.6268650e+000
 -3.4000000e+000  4.7445700e+000  5.7568650e+000
 -1.5000000e+000  4.0545700e+000  5.6468650e+000
  3.0000000e-001  3.7545700e+000 -2.9931350e+000
  2.4000000e-001  4.2645700e+000 -3.1493135e+001
  2.5000000e-001  4.3345700e+000 -3.8973135e+001
  1.3100000e+000  3.9545700e+000 -3.0233135e+001
  2.8100000e+000  3.8345700e+000 -1.6683135e+001
  3.5700000e+000  3.6345700e+000 -1.8131350e+000
  3.5300000e+000  4.0745700e+000  5.0268650e+000
  2.9600000e+000  4.4545700e+000  8.8868650e+000
  2.7400000e+000  4.5145700e+000  1.4236865e+001
  2.9200000e+000  4.3245700e+000  1.7976865e+001
  3.5100000e+000  2.7645700e+000  1.1226865e+001
  4.5300000e+000  5.7457000e-001 -1.2453135e+001
  5.9000000e+000 -1.0543000e-001 -1.5633135e+001
  7.7400000e+000  1.0745700e+000 -8.7331350e+000
  8.5200000e+000  2.1545700e+000 -1.2931350e+000
  8.6500000e+000  2.2145700e+000 -1.0731350e+000
  8.4400000e+000  1.5745700e+000 -1.3563135e+001
  7.5500000e+000  1.0245700e+000 -1.3853135e+001
  6.9800000e+000  2.4457000e-001 -5.2731350e+000
  5.8700000e+000  9.5457000e-001  3.7268650e+000
  4.1300000e+000  2.7145700e+000  9.5686500e-001
  1.7100000e+000  3.6245700e+000 -1.3013135e+001
 -1.5100000e+000  3.9145700e+000 -1.2463135e+001
 -3.8100000e+000  4.5945700e+000 -6.4031350e+000
 -4.5500000e+000  3.6645700e+000 -1.1331350e+000
 -5.3400000e+000  1.5645700e+000 -1.3713135e+001
 -5.8100000e+000  7.1457000e-001 -3.2433135e+001
 -4.4000000e+000  1.2545700e+000 -3.0273135e+001
 -1.7700000e+000  1.2345700e+000 -2.1033135e+001
  7.7000000e-001 -5.5543000e-001 -1.1643135e+001
  1.5400000e+000 -3.8454300e+000  1.0668650e+000
  6.2000000e-001 -5.8154300e+000  5.3468650e+000
 -1.9000000e-001 -6.4754300e+000  7.4968650e+000
  4.2000000e-001 -7.1154300e+000  1.1316865e+001
  2.3200000e+000 -7.6854300e+000  1.5676865e+001
  3.2300000e+000 -7.9454300e+000  4.3468650e+000
  2.2700000e+000 -8.5054300e+000 -7.3131350e+000
  8.7000000e-001 -9.1154300e+000 -3.6131350e+000
 -6.2000000e-001 -9.2854300e+000  3.4268650e+000
 -2.1500000e+000 -8.5654300e+000  5.2268650e+000
 -3.6500000e+000 -7.5154300e+000 -1.9073135e+001
 -6.0400000e+000 -7.2254300e+000 -3.6653135e+001
 -8.5800000e+000 -7.2354300e+000 -3.1393135e+001
 -9.1100000e+000 -8.0154300e+000 -1.9223135e+001
 -8.0500000e+000 -8.8954300e+000 -3.8531350e+000
 -7.2900000e+000 -8.5854300e+000  3.1266865e+001
 -7.0300000e+000 -7.2354300e+000  4.2446865e+001
 -5.6800000e+000 -5.8354300e+000  3.9896865e+001
 -4.5500000e+000 -5.4054300e+000  3.6886865e+001
 -3.8000000e+000 -5.9054300e+000  3.5166865e+001
 -1.7400000e+000 -6.4954300e+000  1.6496865e+001
  6.0000000e-001 -6.1354300e+000  8.8468650e+000
  1.2900000e+000 -4.7554300e+000  1.2826865e+001
  1.1300000e+000 -2.9254300e+000  1.5866865e+001
  1.4800000e+000 -1.9554300e+000  1.1136865e+001
  2.1700000e+000 -1.3554300e+000 -1.8433135e+001
  3.2000000e+000 -1.0954300e+000 -3.1563135e+001
  4.1700000e+000 -1.7354300e+000 -2.7013135e+001
  4.0400000e+000 -1.8554300e+000 -1.6443135e+001
  3.5200000e+000 -1.9654300e+000  4.5368650e+000
  3.0600000e+000 -2.2654300e+000  3.7896865e+001
  2.2600000e+000 -1.5954300e+000  4.4856865e+001
  8.6000000e-001  1.6457000e-001  4.2096865e+001
 -1.0800000e+000  9.7457000e-001  3.9286865e+001
 -3.2500000e+000  8.1457000e-001  3.2906865e+001
 -5.8000000e+000  6.2457000e-001  9.4868650e+000
 -8.7100000e+000  3.1457000e-001  3.3668650e+000
 -1.0050000e+001  4.0457000e-001  5.3568650e+000
 -9.2500000e+000  5.5457000e-001  5.9368650e+000
 -7.7000000e+000  3.4570000e-002 -2.4231350e+000
 -6.0700000e+000 -7.1543000e-001 -2.7543135e+001
 -4.5700000e+000 -3.7543000e-001 -3.2593135e+001
 -3.1300000e+000  7.2457000e-001 -2.5013135e+001
 -7.2000000e-001  2.0745700e+000 -1.3743135e+001
  1.0700000e+000  3.6345700e+000 -2.5931350e+000
  2.2800000e+000  4.6245700e+000 -3.1331350e+000
  2.9700000e+000  5.4945700e+000 -1.4931350e+000
  3.6100000e+000  6.6445700e+000  3.8868650e+000
  4.3400000e+000  6.9945700e+000  9.4868650e+000
  4.8500000e+000  6.8245700e+000  8.6686500e-001
  4.6400000e+000  6.8545700e+000 -2.0923135e+001
  5.1700000e+000  6.7445700e+000 -2.2063135e+001
  5.7600000e+000  5.9845700e+000 -1.4503135e+001
  5.2700000e+000  4.7145700e+000 -6.5831350e+000
  4.0500000e+000  2.8245700e+000 -5.2931350e+000
  3.5200000e+000  5.1457000e-001 -1.1813135e+001
  3.2900000e+000 -1.9254300e+000 -8.7431350e+000
  3.5200000e+000 -4.3754300e+000 -7.4313500e-001
  3.2800000e+000 -7.0854300e+000  8.1568650e+000
  2.6500000e+000 -8.2754300e+000  3.7668650e+000
  2.6600000e+000 -8.5054300e+000 -7.2131350e+000
  2.1900000e+000 -8.9854300e+000 -2.4231350e+000
  4.7000000e-001 -9.3354300e+000  6.4168650e+000
 -1.6800000e+000 -8.9054300e+000  1.1516865e+001
 -3.3500000e+000 -8.3754300e+000 -6.1631350e+000
 -3.4400000e+000 -7.8954300e+000 -2.4413135e+001
 -1.3100000e+000 -6.2354300e+000 -2.1333135e+001
  2.2800000e+000 -4.1654300e+000 -1.1843135e+001
  5.5000000e+000 -1.3154300e+000 -1.6531350e+000
  7.5700000e+000  8.6457000e-001  1.5986865e+001
  7.9700000e+000  2.7645700e+000  2.2856865e+001
  8.1200000e+000  4.7845700e+000  2.4126865e+001
  7.4900000e+000  7.0445700e+000  2.5076865e+001
  6.4000000e+000  7.9545700e+000  2.6536865e+001
  5.5200000e+000  5.2245700e+000  1.2016865e+001
  5.8100000e+000 -6.6543000e-001  2.3068650e+000
  6.4600000e+000 -6.5454300e+000  4.2168650e+000
  5.3500000e+000 -1.0085430e+001  6.9268650e+000
  1.1900000e+000 -1.0795430e+001  4.3768650e+000
 -3.9200000e+000 -9.4454300e+000 -2.3263135e+001
 -8.1800000e+000 -1.0365430e+001 -3.7023135e+001
 -1.0190000e+001 -1.3265430e+001 -3.0243135e+001
 -9.9300000e+000 -1.5485430e+001 -1.8113135e+001
 -9.6100000e+000 -1.5345430e+001 -7.4313500e-001
 -1.0300000e+001 -1.3575430e+001  3.7136865e+001
 -1.1330000e+001 -1.0665430e+001  4.7276865e+001
 -1.1920000e+001 -6.9354300e+000  4.4836865e+001
 -1.1330000e+001 -2.1354300e+000  4.2286865e+001
 -1.0550000e+001  2.8145700e+000  3.9066865e+001
 -1.0170000e+001  5.2245700e+000  1.8356865e+001
 -1.0210000e+001  3.2445700e+000  1.1286865e+001
 -1.1370000e+001 -2.2054300e+000  1.3086865e+001
 -1.2300000e+001 -7.3854300e+000  1.2606865e+001
 -1.2290000e+001 -8.7554300e+000  2.1068650e+000
 -1.2060000e+001 -8.8854300e+000 -2.8503135e+001
 -1.0470000e+001 -1.0115430e+001 -3.7523135e+001
 -8.0500000e+000 -1.2255430e+001 -3.1433135e+001
 -7.5700000e+000 -1.4415430e+001 -2.0283135e+001
 -8.4000000e+000 -1.5705430e+001 -2.6313500e-001
 -7.8800000e+000 -1.5255430e+001  2.2586865e+001
 -6.1100000e+000 -1.2685430e+001  2.7836865e+001
 -3.3400000e+000 -8.6354300e+000  2.8186865e+001
 -9.8000000e-001 -5.8254300e+000  2.7836865e+001
  7.5000000e-001 -3.9654300e+000  1.9536865e+001
  1.5700000e+000 -1.7754300e+000 -3.3531350e+000
  7.0000000e-001  1.0745700e+000 -6.0231350e+000
 -1.0100000e+000  2.4945700e+000 -6.5313500e-001
 -2.7000000e+000  3.1645700e+000  3.0068650e+000
 -5.0500000e+000  3.1345700e+000 -4.2631350e+000
 -7.2300000e+000  2.0245700e+000 -2.4093135e+001
 -7.7900000e+000  1.3345700e+000 -2.5383135e+001
 -8.0800000e+000  6.2457000e-001 -1.7103135e+001
 -8.6500000e+000  7.4457000e-001 -6.6231350e+000
 -8.5500000e+000  1.0457000e-001 -1.8231350e+000
 -8.0400000e+000 -1.1254300e+000 -7.3931350e+000
 -6.9500000e+000 -2.5754300e+000 -4.3531350e+000
 -5.2800000e+000 -4.3654300e+000  1.9068650e+000
 -3.5700000e+000 -6.4054300e+000  6.9768650e+000
 -1.4900000e+000 -7.7454300e+000 -5.3931350e+000
  1.8300000e+000 -8.3254300e+000 -2.4093135e+001
  2.8900000e+000 -9.0254300e+000 -2.1553135e+001
  1.6000000e+000 -9.2954300e+000 -1.2043135e+001
  7.7000000e-001 -8.8254300e+000 -3.1731350e+000
  1.1700000e+000 -7.8154300e+000 -7.4313500e-001
  1.6600000e+000 -6.9354300e+000 -4.7531350e+000
  1.0100000e+000 -5.1654300e+000 -8.4313500e-001
  1.5000000e-001 -4.0854300e+000  7.4268650e+000
 -2.0700000e+000 -5.2054300e+000  1.4776865e+001
 -4.4200000e+000 -7.4054300e+000  5.4868650e+000
 -5.8800000e+000 -9.3654300e+000 -4.6531350e+000
 -7.0600000e+000 -1.0155430e+001 -4.5313500e-001
 -8.4400000e+000 -1.1295430e+001  6.9068650e+000
 -9.3700000e+000 -1.2745430e+001  9.9868650e+000
 -8.5200000e+000 -1.3065430e+001 -1.1423135e+001
 -7.1200000e+000 -1.1595430e+001 -2.6063135e+001
 -6.1700000e+000 -1.0255430e+001 -2.1623135e+001
 -5.2700000e+000 -9.2854300e+000 -1.1193135e+001
 -3.6700000e+000 -7.8154300e+000  2.0368650e+000
 -2.0100000e+000 -5.1154300e+000  2.4976865e+001
 -8.6000000e-001 -2.6954300e+000  3.0606865e+001
 -2.6000000e-001 -1.6754300e+000  3.1186865e+001
  8.3000000e-001 -1.4954300e+000  3.3776865e+001
  7.8000000e-001 -1.9354300e+000  3.6416865e+001
 -5.1000000e-001 -2.3954300e+000  1.9746865e+001
 -7.3000000e-001 -2.7854300e+000  1.1186865e+001
 -8.8000000e-001 -3.0454300e+000  1.4066865e+001
 -1.9800000e+000 -3.0654300e+000  1.6856865e+001
 -3.1100000e+000 -3.2354300e+000  1.2526865e+001
 -3.3100000e+000 -3.8654300e+000 -1.6793135e+001
 -3.2100000e+000 -4.0954300e+000 -2.8373135e+001
 -2.6800000e+000 -2.4954300e+000 -2.1773135e+001
 -1.4500000e+000  3.1457000e-001 -1.0083135e+001
 -3.0000000e-002  3.2145700e+000  1.1176865e+001
  1.1700000e+000  4.3645700e+000  4.8806865e+001
  2.0800000e+000  4.3245700e+000  5.4256865e+001
  2.3700000e+000  5.0445700e+000  4.9056865e+001
  2.2000000e+000  5.9145700e+000  4.6896865e+001
  1.4800000e+000  6.3445700e+000  4.3716865e+001
  7.3000000e-001  6.4945700e+000  2.3346865e+001
  4.8000000e-001  7.3245700e+000  1.7476865e+001
  1.6200000e+000  7.9145700e+000  1.8586865e+001
  1.9000000e+000  8.2745700e+000  1.8416865e+001
 -1.1000000e-001  9.4345700e+000  6.0268650e+000
 -2.2700000e+000  9.2445700e+000 -2.5403135e+001
 -3.7400000e+000  7.4945700e+000 -3.3483135e+001
 -5.0800000e+000  6.0845700e+000 -2.6453135e+001
 -5.5300000e+000  5.7745700e+000 -1.4903135e+001
 -4.7100000e+000  4.8145700e+000  4.8168650e+000
 -3.2700000e+000  2.7945700e+000  1.8616865e+001
 -1.0000000e+000  6.6457000e-001  2.1016865e+001
  2.2500000e+000  3.7457000e-001  2.2316865e+001
  4.6000000e+000  1.0045700e+000  2.3696865e+001
  5.7300000e+000  1.7445700e+000  1.3986865e+001
  6.2300000e+000  2.6745700e+000 -5.4631350e+000
  6.1700000e+000  4.1445700e+000 -5.5031350e+000
  6.5100000e+000  7.3645700e+000 -3.5313500e-001
  7.0300000e+000  1.0204570e+001  2.7468650e+000
  6.4200000e+000  1.2134570e+001 -7.3931350e+000
  5.2900000e+000  1.3094570e+001 -2.5303135e+001
  4.9600000e+000  1.3444570e+001 -2.5633135e+001
  2.9100000e+000  1.3604570e+001 -1.7963135e+001
  2.0000000e-001  1.2424570e+001 -8.8531350e+000
 -1.5700000e+000  9.7645700e+000 -1.0383135e+001
 -1.5900000e+000  6.1645700e+000 -1.8413135e+001
  1.3000000e+000  1.9045700e+000 -1.3623135e+001
  5.6100000e+000 -2.9154300e+000 -5.3531350e+000
  8.2700000e+000 -6.1954300e+000  2.0686500e-001
  7.4500000e+000 -8.3154300e+000 -1.5123135e+001
  5.8600000e+000 -9.9354300e+000 -3.0453135e+001
  6.3200000e+000 -1.1475430e+001 -2.5843135e+001
  7.5900000e+000 -1.2125430e+001 -1.5703135e+001
  8.0000000e+000 -1.1815430e+001 -5.3531350e+000
  8.3400000e+000 -1.0445430e+001  2.0168650e+000
  7.8800000e+000 -8.0854300e+000  2.6568650e+000
  7.3900000e+000 -4.8954300e+000  6.0768650e+000
  7.8800000e+000 -8.3543000e-001  1.1716865e+001
  9.1800000e+000  1.8545700e+000  1.7346865e+001
  1.0560000e+001  7.0457000e-001  5.2368650e+000
  1.1510000e+001 -4.3154300e+000 -2.2931350e+000
  1.2160000e+001 -8.8254300e+000  2.7268650e+000
  1.2300000e+001 -1.0605430e+001  7.9268650e+000
  1.2710000e+001 -1.2305430e+001  8.0768650e+000
  1.3590000e+001 -1.4685430e+001 -1.6633135e+001
  1.4010000e+001 -1.8125430e+001 -2.9383135e+001
  1.3710000e+001 -2.2215430e+001 -2.3993135e+001
  1.2590000e+001 -2.6275430e+001 -1.3253135e+001
  1.0600000e+001 -2.9305430e+001  1.9068650e+000
  9.7100000e+000 -2.9185430e+001  2.9556865e+001
  1.0290000e+001 -2.6535430e+001  3.5136865e+001
  1.0250000e+001 -2.3185430e+001  3.3056865e+001
  9.0000000e+000 -1.9775430e+001  3.2336865e+001
  7.7800000e+000 -1.6665430e+001  3.0376865e+001
  7.6000000e+000 -1.3875430e+001  1.1576865e+001
  7.4200000e+000 -1.1705430e+001  5.6868650e+000
  7.5300000e+000 -1.1805430e+001  9.0268650e+000
  7.9100000e+000 -1.2325430e+001  1.0326865e+001
  7.5700000e+000 -1.1025430e+001  1.1468650e+000
  6.1200000e+000 -8.8754300e+000 -3.1103135e+001
  4.3600000e+000 -7.0354300e+000 -4.1323135e+001
  3.7500000e+000 -6.5154300e+000 -3.4393135e+001
  4.2000000e+000 -5.7054300e+000 -2.1423135e+001
  5.3000000e+000 -4.3354300e+000  6.9768650e+000
  6.6000000e+000 -3.6554300e+000  4.5046865e+001
  8.2500000e+000 -2.7454300e+000  4.9566865e+001
  1.0310000e+001 -1.7054300e+000  4.3686865e+001
  1.0940000e+001  1.5457000e-001  3.9406865e+001
  1.1030000e+001  1.2845700e+000  3.0326865e+001
  1.1270000e+001  5.1457000e-001  8.1368650e+000
  1.1480000e+001  5.6457000e-001  4.8668650e+000
  1.1450000e+001  4.2457000e-001  7.1468650e+000
  1.0930000e+001 -1.1854300e+000  5.9968650e+000
  9.7800000e+000 -3.1954300e+000 -1.0593135e+001
  8.4100000e+000 -4.9954300e+000 -3.9853135e+001
  7.0000000e+000 -5.9854300e+000 -4.3383135e+001
  5.7800000e+000 -6.1954300e+000 -3.3023135e+001
  4.3700000e+000 -6.3254300e+000 -1.9293135e+001
  3.9400000e+000 -6.6854300e+000 -2.1631350e+000
  5.0500000e+000 -6.1854300e+000  6.8368650e+000
  6.0500000e+000 -5.2854300e+000  1.3476865e+001
  6.9300000e+000 -4.6054300e+000  1.8816865e+001
  6.0000000e+000 -4.9054300e+000  2.2156865e+001
  4.0200000e+000 -4.4354300e+000  8.1768650e+000
  2.3700000e+000 -2.6554300e+000 -1.2983135e+001
  1.5100000e+000 -1.4554300e+000 -1.3323135e+001
  1.2100000e+000  6.5457000e-001 -6.8031350e+000
  5.6000000e-001  3.6845700e+000 -2.6631350e+000
 -4.0000000e-002  5.6745700e+000 -1.3173135e+001
  6.0000000e-002  6.3445700e+000 -2.7383135e+001
  3.1000000e-001  5.6445700e+000 -2.6253135e+001
  3.0000000e-002  4.0445700e+000 -1.7433135e+001
  8.0000000e-002  3.0245700e+000 -8.6931350e+000
  1.0000000e-001  2.7645700e+000 -1.7043135e+001
 -3.5000000e-001  2.8545700e+000 -2.6353135e+001
  0.0000000e+000  3.6045700e+000 -2.0773135e+001
  1.1900000e+000  4.3945700e+000 -1.1143135e+001
  1.1700000e+000  3.7145700e+000 -4.2131350e+000
  0.0000000e+000  1.7445700e+000 -2.1713135e+001
 -2.2000000e+000 -1.6543000e-001 -3.3403135e+001
 -4.1700000e+000 -5.6543000e-001 -2.5993135e+001
 -4.0600000e+000 -3.3543000e-001 -1.3253135e+001
 -2.6900000e+000  2.5457000e-001 -1.1231350e+000
 -1.9700000e+000  2.2345700e+000  9.1068650e+000
 -2.6200000e+000  3.4345700e+000  9.9468650e+000
 -3.8400000e+000  2.9245700e+000  1.1906865e+001
 -3.9700000e+000  1.7845700e+000  1.5886865e+001
 -2.7700000e+000  8.5457000e-001  1.7836865e+001
 -2.0300000e+000  6.9457000e-001  5.3686500e-001
 -1.8200000e+000  1.8445700e+000 -7.0431350e+000
 -1.7500000e+000  3.8745700e+000 -4.2313500e-001
 -2.8500000e+000  5.5145700e+000  6.8468650e+000
 -5.8200000e+000  6.6645700e+000  5.4368650e+000
 -8.4200000e+000  7.7445700e+000 -2.2843135e+001
 -7.5100000e+000  8.6945700e+000 -3.3593135e+001
 -4.8200000e+000  8.7045700e+000 -2.5943135e+001
 -3.6200000e+000  7.1645700e+000 -1.3953135e+001
 -4.2400000e+000  5.5745700e+000  5.3868650e+000
 -3.9300000e+000  3.8545700e+000  3.6246865e+001
 -1.7400000e+000  2.4745700e+000  4.0006865e+001
  2.2200000e+000  1.4145700e+000  3.7626865e+001
  6.3500000e+000  2.9457000e-001  3.7566865e+001
  9.5200000e+000  6.4570000e-002  3.2166865e+001
  1.1730000e+001 -1.4543000e-001  7.5868650e+000
  1.2950000e+001 -1.1154300e+000 -1.5313500e-001
  1.4290000e+001 -2.6654300e+000  1.4168650e+000
  1.4410000e+001 -3.7854300e+000  2.1568650e+000
  1.2920000e+001 -3.3154300e+000 -9.4731350e+000
  1.0300000e+001 -9.0543000e-001 -4.0943135e+001
  8.5200000e+000  1.2445700e+000 -4.7263135e+001
  7.3600000e+000  1.8345700e+000 -3.8033135e+001
  6.4100000e+000  1.1245700e+000 -2.4173135e+001
  5.0600000e+000  3.4457000e-001  5.0268650e+000
  3.0500000e+000 -6.5543000e-001  3.3786865e+001
  1.2600000e+000 -1.2954300e+000  3.7706865e+001
  3.1000000e-001  1.9457000e-001  3.5846865e+001
  1.0000000e-001  1.7045700e+000  3.5016865e+001
  2.9000000e-001  1.8245700e+000  2.3716865e+001
  1.3600000e+000  1.4845700e+000  1.2368650e+000
  2.6700000e+000  1.6145700e+000 -2.4931350e+000
  3.9600000e+000  3.2645700e+000 -4.6313500e-001
  6.1600000e+000  4.8145700e+000 -1.1431350e+000
  7.8100000e+000  5.9445700e+000 -1.7193135e+001
  8.3000000e+000  6.7345700e+000 -3.9633135e+001
  8.5200000e+000  7.8645700e+000 -3.9073135e+001
  8.4100000e+000  9.0545700e+000 -2.8663135e+001
  8.2100000e+000  8.3945700e+000 -1.5753135e+001
  7.7400000e+000  6.0845700e+000 -4.8131350e+000
  7.8600000e+000  3.7245700e+000 -3.6731350e+000
  9.4100000e+000  1.9745700e+000  3.8686500e-001
  1.0200000e+001  1.2945700e+000  6.5368650e+000
  9.5800000e+000  2.7245700e+000  1.1636865e+001
  7.7300000e+000  4.4945700e+000 -3.6931350e+000
  6.3900000e+000  4.9345700e+000 -1.9363135e+001
  6.7000000e+000  5.1445700e+000 -1.6043135e+001
  7.6200000e+000  5.0545700e+000 -8.3131350e+000
  8.7200000e+000  4.3245700e+000 -2.3831350e+000
  9.6700000e+000  4.4445700e+000 -6.8031350e+000
  8.9500000e+000  6.3545700e+000 -1.1563135e+001
  7.8200000e+000  7.8345700e+000 -5.8131350e+000
  8.0500000e+000  8.6545700e+000  2.4268650e+000
  8.8100000e+000  9.0445700e+000  9.0468650e+000
  8.9100000e+000  8.4845700e+000 -1.5231350e+000
  8.4400000e+000  7.5445700e+000 -9.0331350e+000
  8.4500000e+000  7.3245700e+000 -4.8431350e+000
  9.3300000e+000  7.3245700e+000  8.3686500e-001
  1.0390000e+001  6.7745700e+000  1.8468650e+000
  1.0640000e+001  6.5345700e+000 -2.1873135e+001
  8.4300000e+000  5.8545700e+000 -3.3263135e+001
  6.2500000e+000  4.6945700e+000 -2.7293135e+001
  4.5100000e+000  4.4945700e+000 -1.6793135e+001
  2.7200000e+000  4.4745700e+000 -5.6031350e+000
  5.2000000e-001  5.0345700e+000  7.4868650e+000
 -7.5000000e-001  5.8545700e+000  8.8068650e+000
 -7.3000000e-001  6.4245700e+000  8.6968650e+000
 -4.4000000e-001  8.2045700e+000  1.0756865e+001
  2.0000000e-001  1.0674570e+001  1.1776865e+001
  6.6000000e-001  1.2624570e+001 -6.1431350e+000
  1.1300000e+000  1.3084570e+001 -9.7631350e+000
  1.1300000e+000  1.2754570e+001 -3.3531350e+000
  1.5000000e+000  1.2534570e+001 -1.0313500e-001
  2.2800000e+000  1.1914570e+001 -8.3931350e+000
  3.0500000e+000  1.0844570e+001 -3.9903135e+001
  3.4700000e+000  9.2245700e+000 -4.7453135e+001
  3.6800000e+000  7.0745700e+000 -3.7423135e+001
  4.1800000e+000  5.4845700e+000 -2.2653135e+001
  4.2400000e+000  3.8745700e+000  4.2068650e+000
  3.5700000e+000  2.3645700e+000  3.8866865e+001
  4.5800000e+000  1.2745700e+000  4.3586865e+001
  7.1200000e+000  1.2345700e+000  4.0676865e+001
  9.4900000e+000  2.4445700e+000  3.9916865e+001
  1.1930000e+001  4.1745700e+000  3.4706865e+001
  1.3540000e+001  6.1145700e+000  1.5576865e+001
  1.2910000e+001  8.0845700e+000  1.3116865e+001
  1.1030000e+001  9.4545700e+000  1.5946865e+001
  8.6400000e+000  1.0224570e+001  1.5516865e+001
  6.6400000e+000  1.0324570e+001 -2.3431350e+000
  5.3100000e+000  1.0114570e+001 -3.3913135e+001
  4.7500000e+000  9.9245700e+000 -3.7973135e+001
  4.4600000e+000  8.9045700e+000 -2.7673135e+001
  4.1800000e+000  6.9945700e+000 -1.4033135e+001
  3.7100000e+000  5.7245700e+000  1.3376865e+001
  2.6100000e+000  4.4645700e+000  3.1426865e+001
  1.2400000e+000  4.3545700e+000  3.3546865e+001
  6.7000000e-001  3.2945700e+000  3.3966865e+001
  1.3700000e+000  1.7445700e+000  3.4866865e+001
  3.3400000e+000  4.6457000e-001  2.0246865e+001
  4.7800000e+000  2.1457000e-001 -8.2313500e-001
  5.9100000e+000  1.6745700e+000 -2.9131350e+000
  6.4400000e+000  6.1345700e+000  6.5686500e-001
  5.4300000e+000  1.1194570e+001  2.3968650e+000
  3.3900000e+000  1.3824570e+001 -1.4913135e+001
  1.7300000e+000  1.4724570e+001 -3.3573135e+001
  0.0000000e+000  1.5214570e+001 -3.0473135e+001
 -2.2000000e+000  1.5334570e+001 -1.9163135e+001
 -4.3200000e+000  1.3954570e+001 -7.4131350e+000
 -6.6800000e+000  1.1834570e+001 -4.4331350e+000
 -9.6700000e+000  7.9645700e+000 -5.0031350e+000
 -1.1950000e+001 -1.8605430e+001  1.2668650e+000
 -1.2280000e+001 -3.8475430e+001  8.4368650e+000
 -1.1670000e+001 -3.9625430e+001  1.3696865e+001
 -1.0070000e+001 -3.6965430e+001 -4.5531350e+000
 -7.4700000e+000 -3.3755430e+001 -1.7873135e+001
 -3.8100000e+000 -3.1675430e+001 -1.2413135e+001
 -4.9000000e-001 -3.0705430e+001 -2.4031350e+000
  1.7300000e+000 -2.7945430e+001  5.9968650e+000
  2.8100000e+000 -2.1245430e+001  5.2068650e+000
  4.4900000e+000 -1.1655430e+001  1.7268650e+000
  7.2500000e+000 -6.8543000e-001  4.4468650e+000
  7.0600000e+000  9.3945700e+000  1.0116865e+001
  4.0500000e+000  1.5404570e+001  1.4986865e+001
  1.0800000e+000  1.6384570e+001 -3.8313500e-001
 -7.0000000e-001  1.4444570e+001 -7.9931350e+000
 -2.2300000e+000  8.3345700e+000 -3.9931350e+000
 -3.7500000e+000  8.6457000e-001  1.2568650e+000
 -2.9500000e+000 -3.6654300e+000  4.8686500e-001
 -1.2300000e+000 -4.6954300e+000 -2.5773135e+001
 -1.7000000e-001 -2.9754300e+000 -3.5743135e+001
 -4.7000000e-001 -9.5543000e-001 -2.9533135e+001
 -1.7500000e+000  7.9457000e-001 -1.8063135e+001
 -3.0700000e+000  1.3545700e+000 -2.0631350e+000
 -4.1400000e+000  6.1457000e-001  1.7316865e+001
 -4.3900000e+000  3.8457000e-001  1.8596865e+001
 -3.4100000e+000  5.8457000e-001  1.6736865e+001
 -2.1900000e+000  6.0457000e-001  1.7506865e+001
 -1.7800000e+000  1.2645700e+000  1.4666865e+001
 -3.0200000e+000  1.4545700e+000 -5.3731350e+000
 -4.3800000e+000  1.3245700e+000 -8.0831350e+000
 -4.5900000e+000  1.4645700e+000 -3.2313500e-001
 -4.4000000e+000  1.7245700e+000  5.3968650e+000
 -4.6200000e+000  2.2945700e+000 -4.8831350e+000
 -4.8000000e+000  3.4445700e+000 -3.6613135e+001
 -5.3600000e+000  4.0145700e+000 -4.2903135e+001
 -5.8100000e+000  4.4945700e+000 -3.3503135e+001
 -6.4000000e+000  5.5645700e+000 -1.9563135e+001
 -6.7400000e+000  6.2645700e+000  1.2526865e+001
 -7.0300000e+000  6.8545700e+000  4.5636865e+001
 -6.5100000e+000  7.7245700e+000  4.8286865e+001
 -5.9300000e+000  9.0945700e+000  4.4386865e+001
 -5.3500000e+000  1.0764570e+001  4.2756865e+001
 -5.3700000e+000  1.2054570e+001  3.1966865e+001
 -5.3200000e+000  1.2834570e+001  1.0756865e+001
 -5.0300000e+000  1.1864570e+001  6.8968650e+000
 -4.9700000e+000  1.0764570e+001  7.7968650e+000
 -4.7600000e+000  1.0524570e+001  6.8368650e+000
 -4.2700000e+000  1.1794570e+001 -1.3123135e+001
 -3.7700000e+000  1.3224570e+001 -4.0293135e+001
 -4.0800000e+000  1.3104570e+001 -4.1023135e+001
 -3.9900000e+000  1.1894570e+001 -3.1233135e+001
 -2.5500000e+000  1.0874570e+001 -1.9713135e+001
 -2.6000000e-001  1.0004570e+001  3.7268650e+000
  9.4000000e-001  9.1445700e+000  1.5986865e+001
  4.7000000e-001  8.8545700e+000  1.8496865e+001
  3.0000000e-002  8.8445700e+000  1.8566865e+001
  6.1000000e-001  8.3145700e+000  1.8486865e+001
  1.0300000e+000  8.0445700e+000  2.1686500e-001
  6.4000000e-001  7.6545700e+000 -1.8183135e+001
  1.0400000e+000  8.6645700e+000 -1.8083135e+001
  1.6700000e+000  1.1034570e+001 -1.4333135e+001
  2.5100000e+000  1.2154570e+001 -1.3193135e+001
  3.1800000e+000  1.1494570e+001 -3.0153135e+001
  2.7300000e+000  1.0434570e+001 -4.3043135e+001
  2.8500000e+000  9.7245700e+000 -3.5983135e+001
  4.3600000e+000  9.0345700e+000 -1.9953135e+001
  6.0100000e+000  8.1545700e+000 -4.1431350e+000
  6.9500000e+000  7.6245700e+000 -4.4131350e+000
  6.3200000e+000  6.2945700e+000 -6.7731350e+000
  5.4000000e+000  3.6545700e+000 -5.4313500e-001
  4.8900000e+000  1.4645700e+000  6.6068650e+000
  4.0500000e+000  5.2457000e-001  9.6368650e+000
  3.6200000e+000  4.5457000e-001 -1.2623135e+001
  4.7300000e+000  5.4570000e-002 -2.3013135e+001
  6.8500000e+000 -5.6543000e-001 -1.6613135e+001
  1.0060000e+001 -1.3554300e+000 -7.7231350e+000
  1.2250000e+001 -1.4554300e+000  4.3686500e-001
  1.1290000e+001 -4.6543000e-001  1.3868650e+000
  9.0700000e+000  8.0457000e-001 -1.3731350e+000
  7.8300000e+000  1.3845700e+000 -1.1531350e+000
  4.3700000e+000  2.3445700e+000  1.2868650e+000
  7.0000000e-001  3.2045700e+000  2.6368650e+000
 -2.3700000e+000  2.5445700e+000 -1.3313135e+001
 -6.4800000e+000  3.8457000e-001 -1.7243135e+001
 -1.0360000e+001 -3.1543000e-001 -1.2093135e+001
 -1.2930000e+001  1.3457000e-001 -7.2531350e+000
 -1.4990000e+001 -1.1543000e-001 -1.1753135e+001
 -1.5240000e+001 -9.3543000e-001 -3.9693135e+001
 -1.3520000e+001 -5.2543000e-001 -4.5953135e+001
 -1.0740000e+001  5.4570000e-002 -3.6343135e+001
 -6.7300000e+000  1.3457000e-001 -2.3373135e+001
 -2.4700000e+000  5.6457000e-001 -2.7631350e+000
 -3.3000000e-001  1.2045700e+000  2.1656865e+001
 -2.0900000e+000  2.7045700e+000  2.5336865e+001
 -5.4600000e+000  5.1445700e+000  2.2686865e+001
 -7.9600000e+000  6.5545700e+000  1.9926865e+001
 -8.8200000e+000  6.1345700e+000  1.1356865e+001
 -9.5600000e+000  5.5445700e+000 -1.0063135e+001
 -1.0330000e+001  4.5445700e+000 -1.3583135e+001
 -1.1290000e+001  2.7045700e+000 -9.9531350e+000
 -1.2170000e+001  1.9945700e+000 -8.3531350e+000
 -1.1840000e+001  3.2545700e+000 -2.4303135e+001
 -1.0200000e+001  5.4945700e+000 -5.4623135e+001
 -8.8600000e+000  6.5145700e+000 -5.7543135e+001
 -8.6800000e+000  5.6245700e+000 -4.6143135e+001
 -8.4100000e+000  4.8145700e+000 -3.2343135e+001
 -7.1100000e+000  4.5045700e+000  2.2768650e+000
 -6.4400000e+000  3.4345700e+000  3.1036865e+001
 -7.7100000e+000  1.8045700e+000  3.4316865e+001
 -9.8100000e+000 -3.5430000e-002  3.2476865e+001
 -1.0690000e+001 -2.0354300e+000  3.2376865e+001
 -1.0130000e+001 -3.7554300e+000  1.9646865e+001
 -8.5800000e+000 -5.3454300e+000  2.2368650e+000
 -6.4900000e+000 -7.1654300e+000  3.4968650e+000
 -5.5100000e+000 -8.8054300e+000  8.6468650e+000
 -4.1700000e+000 -8.8754300e+000  8.7568650e+000
 -2.7800000e+000 -6.7954300e+000 -1.4513135e+001
 -2.8800000e+000 -3.8454300e+000 -3.8533135e+001
 -5.4000000e+000 -3.9543000e-001 -3.7433135e+001
 -8.5400000e+000  2.5457000e-001 -2.5953135e+001
 -1.0610000e+001 -1.9154300e+000 -1.1473135e+001
 -1.1600000e+001 -2.9754300e+000  7.9268650e+000
 -1.2450000e+001 -3.0454300e+000  1.4426865e+001
 -1.3960000e+001 -3.1154300e+000  1.6786865e+001
 -1.4790000e+001 -3.3954300e+000  1.8536865e+001
 -1.5240000e+001 -3.4254300e+000  1.8096865e+001
 -1.5470000e+001 -3.0354300e+000 -4.8331350e+000
 -1.5040000e+001 -3.3954300e+000 -2.1403135e+001
 -1.5410000e+001 -4.5354300e+000 -2.0083135e+001
 -1.6320000e+001 -6.1254300e+000 -1.5143135e+001
 -1.6380000e+001 -6.6354300e+000 -1.2813135e+001
 -1.6220000e+001 -6.1754300e+000 -2.7423135e+001
 -1.6140000e+001 -5.5154300e+000 -3.5543135e+001
 -1.6550000e+001 -4.6954300e+000 -2.8753135e+001
 -1.7270000e+001 -3.6254300e+000 -1.7553135e+001
 -1.7250000e+001 -3.0854300e+000 -8.6931350e+000
 -1.6110000e+001 -2.7754300e+000 -1.7993135e+001
 -1.4030000e+001 -2.3754300e+000 -2.0993135e+001
 -1.2280000e+001 -2.8254300e+000 -1.2503135e+001
 -1.2770000e+001 -3.0154300e+000 -3.7431350e+000
 -1.3090000e+001 -2.2254300e+000 -2.7531350e+000
 -1.1390000e+001  3.5457000e-001 -2.7033135e+001
 -9.1900000e+000  2.8645700e+000 -3.5493135e+001
 -7.7500000e+000  3.0445700e+000 -2.8503135e+001
 -7.1000000e+000  1.4445700e+000 -1.7153135e+001
 -7.0800000e+000 -9.4543000e-001 -6.6531350e+000
 -7.0600000e+000 -2.7754300e+000 -2.9431350e+000
 -6.5900000e+000 -3.7654300e+000 -1.5231350e+000
 -5.9800000e+000 -4.7354300e+000  4.1468650e+000
 -5.2000000e+000 -6.6654300e+000  1.0656865e+001
 -4.7000000e+000 -9.3454300e+000  1.0266865e+001
 -4.0100000e+000 -1.1775430e+001 -8.7531350e+000
 -3.4800000e+000 -1.3595430e+001 -1.2923135e+001
 -3.4200000e+000 -1.5025430e+001 -7.8031350e+000
 -4.2600000e+000 -1.4695430e+001 -2.8031350e+000
 -5.3200000e+000 -1.3895430e+001 -1.0163135e+001
 -6.0500000e+000 -1.3755430e+001 -3.7153135e+001
 -5.6300000e+000 -1.4125430e+001 -4.0133135e+001
 -4.5800000e+000 -1.3055430e+001 -3.0343135e+001
 -4.6100000e+000 -1.0285430e+001 -1.6763135e+001
 -3.9600000e+000 -7.9654300e+000  1.2066865e+001
 -1.9800000e+000 -6.7754300e+000  3.7646865e+001
 -5.3000000e-001 -6.3054300e+000  3.8926865e+001
 -1.7000000e-001 -5.8254300e+000  3.5646865e+001
 -7.7000000e-001 -5.1754300e+000  3.4756865e+001
 -1.0700000e+000 -4.4854300e+000  2.5206865e+001
 -3.0000000e-001 -4.2754300e+000  6.0768650e+000
  6.1000000e-001 -4.7454300e+000  4.9068650e+000
  5.9000000e-001 -4.7854300e+000  8.1568650e+000
 -4.3000000e-001 -4.5054300e+000  7.8968650e+000
 -1.7100000e+000 -5.0454300e+000 -1.3373135e+001
 -2.7200000e+000 -5.7454300e+000 -4.2313135e+001
 -4.1100000e+000 -6.1154300e+000 -4.4573135e+001
 -4.9100000e+000 -6.6754300e+000 -3.3763135e+001
 -5.7800000e+000 -7.5754300e+000 -1.8793135e+001
 -6.5000000e+000 -8.9554300e+000  1.7846865e+001
 -5.7300000e+000 -1.0575430e+001  3.8676865e+001
 -4.4500000e+000 -1.2315430e+001  3.8276865e+001
 -3.5100000e+000 -1.2185430e+001  3.4156865e+001
 -2.5400000e+000 -1.0755430e+001  3.1506865e+001
 -2.3500000e+000 -8.6154300e+000  1.3066865e+001
 -3.6500000e+000 -6.4554300e+000 -5.6631350e+000
 -3.9300000e+000 -5.7954300e+000 -6.9731350e+000
 -2.4100000e+000 -6.0254300e+000 -4.1031350e+000
 -1.9700000e+000 -5.4154300e+000 -5.0031350e+000
 -3.1700000e+000 -4.3054300e+000 -2.9643135e+001
 -4.6800000e+000 -3.4954300e+000 -4.8573135e+001
 -5.0100000e+000 -3.4654300e+000 -4.3953135e+001
 -4.2200000e+000 -3.7954300e+000 -3.0183135e+001
 -3.0100000e+000 -4.3554300e+000 -1.4403135e+001
 -1.2500000e+000 -5.4954300e+000 -1.4231350e+000
 -4.3000000e-001 -7.4154300e+000  3.3368650e+000
 -7.5000000e-001 -8.6754300e+000  9.6168650e+000
 -4.7000000e-001 -8.3954300e+000  1.5036865e+001
  1.7200000e+000 -6.9654300e+000  1.6656865e+001
  4.2700000e+000 -5.0554300e+000 -5.0731350e+000
  5.3600000e+000 -2.4254300e+000 -1.3663135e+001
  4.9000000e+000  8.9457000e-001 -7.2931350e+000
  3.4400000e+000  3.0745700e+000 -9.1313500e-001
  1.3400000e+000  3.3045700e+000  4.7686500e-001
 -7.1000000e-001  2.6845700e+000 -1.3533135e+001
 -2.5500000e+000  2.1945700e+000 -1.9303135e+001
 -3.8400000e+000  2.0345700e+000 -1.3653135e+001
 -4.0500000e+000  1.6845700e+000 -3.9631350e+000
 -4.3500000e+000  1.5745700e+000  1.7168650e+000
 -5.8000000e+000  5.8457000e-001 -1.0733135e+001
 -7.4300000e+000  8.3457000e-001 -1.2283135e+001
 -8.4000000e+000  2.7845700e+000 -6.0531350e+000
 -9.1500000e+000  5.1545700e+000  7.1686500e-001
 -1.0070000e+001  7.7445700e+000 -2.0313500e-001
 -1.0490000e+001  1.0334570e+001 -2.4573135e+001
 -1.0430000e+001  1.2184570e+001 -2.9523135e+001
 -9.5600000e+000  1.3454570e+001 -2.1063135e+001
 -7.9300000e+000  1.4704570e+001 -1.0633135e+001
 -5.6000000e+000  1.4954570e+001  1.8168650e+000
 -2.9000000e+000  1.2564570e+001  9.2168650e+000
 -1.5900000e+000  8.3845700e+000  1.0616865e+001
 -1.2100000e+000  3.2045700e+000  1.3966865e+001
 -3.9000000e-001 -1.6254300e+000  1.6976865e+001
  1.6100000e+000 -5.4554300e+000  1.2356865e+001
  3.8000000e+000 -9.0454300e+000 -7.0231350e+000
  5.4500000e+000 -1.1455430e+001 -8.1031350e+000
  6.6200000e+000 -1.2025430e+001 -1.5031350e+000
  7.4000000e+000 -1.1095430e+001  2.9668650e+000
  6.9900000e+000 -1.0635430e+001 -9.9331350e+000
  5.4100000e+000 -9.7254300e+000 -3.6613135e+001
  3.7100000e+000 -8.1054300e+000 -3.5413135e+001
  3.4200000e+000 -5.8454300e+000 -2.2463135e+001
  4.7700000e+000 -2.5254300e+000 -9.0731350e+000
  7.7200000e+000  1.6545700e+000  2.1716865e+001
  9.6500000e+000  5.5645700e+000  4.4716865e+001
  9.4000000e+000  7.6845700e+000  4.6596865e+001
  8.2400000e+000  5.1545700e+000  4.5266865e+001
  8.1400000e+000  1.9457000e-001  4.4306865e+001
  7.3800000e+000 -2.9954300e+000  2.9776865e+001
  6.4900000e+000 -4.5354300e+000  1.0816865e+001
  5.7900000e+000 -6.9854300e+000  1.0096865e+001
  5.6700000e+000 -1.0155430e+001  1.2056865e+001
  6.2000000e+000 -1.2325430e+001  8.1868650e+000
  6.8800000e+000 -1.2745430e+001 -1.9963135e+001
  7.4400000e+000 -1.2205430e+001 -4.6243135e+001
  6.8800000e+000 -1.3025430e+001 -4.5513135e+001
  5.4200000e+000 -1.3075430e+001 -3.4323135e+001
  5.4100000e+000 -1.1165430e+001 -2.0213135e+001
  6.0400000e+000 -8.7454300e+000  1.2406865e+001
  5.6100000e+000 -5.7654300e+000  2.6786865e+001
  4.6600000e+000 -2.4254300e+000  2.6556865e+001
  3.7400000e+000  2.9457000e-001  2.4196865e+001
  2.8800000e+000  1.9345700e+000  2.2706865e+001
  2.3400000e+000  2.4745700e+000  2.2868650e+000
  2.7300000e+000  2.1845700e+000 -1.1443135e+001
  3.3400000e+000  1.5045700e+000 -8.9331350e+000
  3.7400000e+000  1.6245700e+000 -4.8031350e+000
  4.3700000e+000  2.7345700e+000 -6.1731350e+000
  5.2200000e+000  4.3345700e+000 -3.1163135e+001
  6.1700000e+000  5.8445700e+000 -4.4713135e+001
  7.3200000e+000  6.3345700e+000 -3.6343135e+001
  8.6600000e+000  6.1145700e+000 -2.0343135e+001
  8.1600000e+000  6.5445700e+000 -3.7231350e+000
  6.2200000e+000  7.6845700e+000  2.1868650e+000
  4.9400000e+000  8.5745700e+000  4.7068650e+000
  5.2300000e+000  8.7645700e+000  1.0896865e+001
  6.5500000e+000  8.1445700e+000  1.7326865e+001
  7.5200000e+000  8.2145700e+000  1.7286865e+001
  7.2700000e+000  8.7845700e+000 -7.9331350e+000
  6.2800000e+000  8.7645700e+000 -1.8003135e+001
  4.9000000e+000  9.6245700e+000 -1.3173135e+001
  3.4000000e+000  1.0774570e+001 -6.6531350e+000
  2.4300000e+000  9.9545700e+000 -4.0831350e+000
  1.3900000e+000  8.1745700e+000 -1.4343135e+001
  4.3000000e-001  7.1445700e+000 -1.7993135e+001
  8.2000000e-001  7.6345700e+000 -1.2573135e+001
  1.7900000e+000  7.9145700e+000 -4.5631350e+000
  3.2300000e+000  7.8645700e+000 -2.2631350e+000
  4.8000000e+000  8.2045700e+000 -1.6513135e+001
  5.6400000e+000  7.9445700e+000 -1.6013135e+001
  5.3700000e+000  7.4645700e+000 -8.6531350e+000
  4.7900000e+000  7.1445700e+000 -2.6331350e+000
  3.1400000e+000  7.1945700e+000 -8.8631350e+000
  1.4000000e-001  7.7845700e+000 -3.4273135e+001
 -3.6100000e+000  8.8745700e+000 -3.5373135e+001
 -7.8600000e+000  1.0064570e+001 -2.4173135e+001
 -1.1760000e+001  1.2524570e+001 -1.0453135e+001
 -1.5100000e+001  1.4904570e+001  9.2468650e+000
 -1.7810000e+001  1.6164570e+001  2.1756865e+001
 -1.9890000e+001  1.6464570e+001  2.2126865e+001
 -2.0380000e+001  1.6454570e+001  2.1446865e+001
 -1.9730000e+001  1.6684570e+001  2.2506865e+001
 -1.8300000e+001  1.6994570e+001  1.4216865e+001
 -1.6280000e+001  1.6694570e+001 -4.0631350e+000
 -1.4550000e+001  1.5794570e+001 -4.3731350e+000
 -1.2230000e+001  1.5654570e+001  9.6865000e-002
 -9.1900000e+000  1.5404570e+001  2.9968650e+000
 -7.4700000e+000  1.4674570e+001 -1.2733135e+001
 -6.8400000e+000  1.4074570e+001 -3.6403135e+001
 -5.8500000e+000  1.4554570e+001 -3.5173135e+001
 -4.2600000e+000  1.5564570e+001 -2.3063135e+001
 -2.7700000e+000  1.7604570e+001 -8.3031350e+000
 -1.1800000e+000  1.9104570e+001  2.8796865e+001
  4.7000000e-001  1.9304570e+001  4.9806865e+001
  1.3800000e+000  1.9344570e+001  4.8176865e+001
  1.4200000e+000  1.9784570e+001  4.3346865e+001
  5.4000000e-001  2.1274570e+001  4.1376865e+001
  1.9000000e-001  2.2424570e+001  2.5646865e+001
 -1.2200000e+000  2.2904570e+001  1.0906865e+001
 -2.8800000e+000  2.1694570e+001  1.0546865e+001
 -4.0200000e+000  1.9424570e+001  1.0466865e+001
 -4.1700000e+000  1.6984570e+001  6.5068650e+000
 -3.7600000e+000  1.6514570e+001 -2.0833135e+001
 -2.9800000e+000  1.8504570e+001 -4.0323135e+001
 -1.5500000e+000  1.9414570e+001 -3.6733135e+001
 -5.7000000e-001  1.8434570e+001 -2.4113135e+001
 -4.1000000e-001  1.6654570e+001 -6.6731350e+000
  1.0000000e-002  1.5224570e+001  2.1736865e+001
  5.9000000e-001  1.4604570e+001  3.1876865e+001
  6.1000000e-001  1.4334570e+001  3.4186865e+001
  5.2000000e-001  1.3724570e+001  3.5636865e+001
  3.6000000e-001  1.3834570e+001  3.5576865e+001
 -1.3000000e-001  1.4134570e+001  1.4356865e+001
 -2.0000000e-001  1.3724570e+001  3.7968650e+000
  7.1000000e-001  1.2614570e+001  6.1168650e+000
  2.3300000e+000  1.1244570e+001  9.0268650e+000
  3.5500000e+000  1.1404570e+001  6.2268650e+000
  4.0200000e+000  1.0734570e+001 -1.7333135e+001
  3.6200000e+000  7.9345700e+000 -2.7683135e+001
  4.0400000e+000  5.1045700e+000 -2.3063135e+001
  4.4900000e+000  2.8445700e+000 -1.4373135e+001
  4.7100000e+000  2.5445700e+000 -6.3231350e+000
  3.7400000e+000  3.4345700e+000 -1.0143135e+001
  2.0700000e+000  3.0145700e+000 -7.3631350e+000
  5.8000000e-001  1.7045700e+000 -2.0313500e-001
  8.0000000e-002  2.1045700e+000  4.2668650e+000
  3.2000000e-001  2.8545700e+000 -2.2313500e-001
  9.4000000e-001  3.4645700e+000 -2.6453135e+001
  1.8100000e+000  3.8745700e+000 -3.2003135e+001
  3.0200000e+000  4.6145700e+000 -2.3873135e+001
  4.5500000e+000  6.2445700e+000 -1.3433135e+001
  4.9900000e+000  8.0445700e+000 -5.4031350e+000
  4.8000000e+000  9.3345700e+000 -8.2831350e+000
  5.5000000e+000  1.0484570e+001 -8.1131350e+000
  6.6100000e+000  1.0594570e+001 -2.0031350e+000
  7.0200000e+000  1.0544570e+001  6.7968650e+000
  6.7100000e+000  1.1384570e+001  8.5068650e+000
  6.4700000e+000  1.2834570e+001 -3.6831350e+000
  6.5300000e+000  1.5374570e+001  5.7686500e-001
  6.8400000e+000  1.7664570e+001  1.0516865e+001
  6.5300000e+000  1.8784570e+001  1.7666865e+001
  5.3200000e+000  1.9734570e+001  7.6968650e+000
  3.3300000e+000  2.1984570e+001 -1.6533135e+001
  1.8200000e+000  2.3394570e+001 -1.6523135e+001
  9.5000000e-001  2.2184570e+001 -6.1231350e+000
 -2.8000000e-001  1.8864570e+001  5.2768650e+000
 -1.1200000e+000  1.4454570e+001  2.7216865e+001
 -2.3400000e+000  1.1004570e+001  4.0696865e+001
 -4.3100000e+000  9.4945700e+000  4.0706865e+001
 -5.3200000e+000  8.9045700e+000  3.9346865e+001
 -5.2400000e+000  7.8545700e+000  4.1196865e+001
 -4.1600000e+000  6.7745700e+000  3.0566865e+001
 -2.3400000e+000  6.1245700e+000  1.4666865e+001
 -1.0100000e+000  5.2545700e+000  1.6266865e+001
 -6.7000000e-001  2.8945700e+000  2.2336865e+001
  1.8000000e-001  2.4570000e-002  2.4506865e+001
  2.5700000e+000 -1.8254300e+000  2.2868650e+000
  4.6800000e+000 -3.1654300e+000 -2.0393135e+001
  5.7100000e+000 -3.8854300e+000 -1.9693135e+001
  6.0900000e+000 -3.8254300e+000 -1.0273135e+001
  5.9000000e+000 -4.1154300e+000  2.9068650e+000
  5.4300000e+000 -5.0054300e+000  4.1416865e+001
  5.4100000e+000 -4.9554300e+000  5.8836865e+001
  4.8600000e+000 -3.0454300e+000  5.7256865e+001
  3.1200000e+000 -8.1543000e-001  5.2756865e+001
  1.9700000e+000  1.5845700e+000  4.9156865e+001
  1.5200000e+000  4.1845700e+000  2.7156865e+001
  2.0700000e+000  6.1745700e+000  1.1936865e+001
  1.6000000e+000  8.2845700e+000  1.2646865e+001
  4.3000000e-001  1.0954570e+001  1.4276865e+001
  1.0000000e-002  1.1564570e+001  9.2268650e+000
  1.4000000e+000  1.1144570e+001 -2.1383135e+001
  3.3400000e+000  1.0684570e+001 -3.8043135e+001
  5.6600000e+000  9.0645700e+000 -3.2393135e+001
  7.8500000e+000  7.0545700e+000 -1.9853135e+001
  8.3900000e+000  5.7845700e+000 -4.6431350e+000
  7.0900000e+000  4.7645700e+000  1.3426865e+001
  6.6800000e+000  4.3745700e+000  1.8106865e+001
  8.6600000e+000  4.4945700e+000  1.9926865e+001
  9.3300000e+000  4.2445700e+000  2.1726865e+001
  7.8500000e+000  2.5445700e+000  2.0116865e+001
  6.1900000e+000  6.9457000e-001 -3.1931350e+000
  4.3900000e+000 -4.7543000e-001 -9.4931350e+000
  2.2200000e+000  7.0457000e-001 -2.6331350e+000
  4.0000000e-001  2.6345700e+000  3.7068650e+000
  3.5000000e-001  4.3845700e+000  3.0568650e+000
  1.2000000e-001  7.3145700e+000 -1.4663135e+001
 -4.1000000e-001  8.5245700e+000 -1.8123135e+001
 -1.1700000e+000  8.2745700e+000 -1.0213135e+001
 -1.6100000e+000  7.9745700e+000  4.9686500e-001
 -1.0700000e+000  6.7845700e+000  5.8468650e+000
 -7.8000000e-001  4.9645700e+000 -6.4531350e+000
 -7.4000000e-001  4.2145700e+000 -7.8431350e+000
 -8.9000000e-001  4.2345700e+000 -1.3731350e+000
 -7.1000000e-001  4.6645700e+000  5.3168650e+000
 -9.2000000e-001  4.7745700e+000 -4.2313500e-001
 -2.1100000e+000  3.5345700e+000 -2.5223135e+001
 -3.2300000e+000  2.0545700e+000 -2.6693135e+001
 -3.6200000e+000  1.2845700e+000 -1.7233135e+001
 -3.5900000e+000 -2.9543000e-001 -7.0031350e+000
 -3.2300000e+000 -3.7354300e+000  2.2768650e+000
 -3.3100000e+000 -6.0254300e+000  1.9668650e+000
 -3.0400000e+000 -6.3154300e+000  1.8268650e+000
 -3.6300000e+000 -4.8554300e+000  5.5568650e+000
 -4.5300000e+000 -3.7154300e+000  1.1006865e+001
 -5.3200000e+000 -4.4054300e+000  5.6068650e+000
 -5.0800000e+000 -7.2354300e+000 -1.0113135e+001
 -3.7300000e+000 -9.7254300e+000 -9.4931350e+000
 -3.1900000e+000 -9.4854300e+000 -1.8131350e+000
 -3.9600000e+000 -6.1854300e+000  5.2368650e+000
 -4.5200000e+000 -1.9654300e+000 -7.6531350e+000
 -4.0900000e+000  1.0945700e+000 -2.8093135e+001
 -1.8600000e+000  3.9845700e+000 -2.5353135e+001
  4.8000000e-001  4.4145700e+000 -1.3103135e+001
  1.6600000e+000  2.2445700e+000  8.3686500e-001
  1.5400000e+000 -2.3543000e-001  3.1056865e+001
  1.2000000e+000 -1.3554300e+000  4.6556865e+001
  4.6000000e-001 -2.1254300e+000  4.5226865e+001
 -1.3000000e-001 -2.9154300e+000  4.2746865e+001
 -1.5600000e+000 -4.4454300e+000  4.2686865e+001
 -3.1100000e+000 -6.6454300e+000  2.7996865e+001
 -3.3600000e+000 -8.3754300e+000  1.3866865e+001
 -2.2800000e+000 -9.6254300e+000  1.4516865e+001
 -1.5300000e+000 -9.8554300e+000  1.6406865e+001
 -1.1500000e+000 -9.8954300e+000  1.3746865e+001
 -3.3000000e-001 -9.1054300e+000 -1.3563135e+001
  4.7000000e-001 -6.2354300e+000 -3.3213135e+001
  1.9000000e-001 -2.8054300e+000 -2.9843135e+001
 -2.0000000e-001 -4.1543000e-001 -1.8103135e+001
 -4.7000000e-001  9.0457000e-001  5.7686500e-001
 -8.9000000e-001  1.0745700e+000  4.2706865e+001
 -1.0200000e+000  1.0245700e+000  5.7156865e+001
 -2.2000000e+000  2.2145700e+000  5.4726865e+001
 -2.5400000e+000  3.4545700e+000  5.2636865e+001
 -1.7500000e+000  3.1445700e+000  5.0376865e+001
 -6.2000000e-001  1.5445700e+000  2.6916865e+001
  1.0600000e+000  2.0457000e-001  1.3396865e+001
  1.5100000e+000 -1.1543000e-001  1.2566865e+001
  1.1800000e+000  3.8457000e-001  1.1796865e+001
  7.7000000e-001  1.9445700e+000  4.7868650e+000
  1.8000000e-001  3.7445700e+000 -2.5453135e+001
  4.0000000e-001  4.0645700e+000 -3.8363135e+001
  1.4500000e+000  3.5445700e+000 -3.3003135e+001
  2.4600000e+000  2.7345700e+000 -2.0853135e+001
  3.0000000e+000  2.7545700e+000 -5.5431350e+000
  3.4000000e+000  4.2545700e+000  6.1468650e+000
  3.9600000e+000  5.8745700e+000  1.2666865e+001
  5.5100000e+000  6.1945700e+000  1.8626865e+001
  7.2800000e+000  6.9845700e+000  2.2066865e+001
  7.1000000e+000  7.3845700e+000  1.7276865e+001
  5.3200000e+000  6.7045700e+000 -8.3431350e+000
  3.4800000e+000  5.9245700e+000 -1.5233135e+001
  2.8100000e+000  5.1945700e+000 -1.1043135e+001
  2.1300000e+000  4.6345700e+000 -5.9031350e+000
 -4.0000000e-001  4.4445700e+000 -7.5631350e+000
 -3.4900000e+000  3.8245700e+000 -2.3413135e+001
 -4.6700000e+000  2.5845700e+000 -2.5243135e+001
 -4.0700000e+000  7.6457000e-001 -1.8193135e+001
 -4.5100000e+000 -5.0543000e-001 -7.7431350e+000
 -6.7900000e+000 -4.3543000e-001 -3.2831350e+000
 -7.2500000e+000 -1.0954300e+000 -1.4123135e+001
 -7.5200000e+000 -2.2854300e+000 -1.1493135e+001
 -7.4200000e+000 -2.8754300e+000 -2.8931350e+000
 -6.4000000e+000 -2.3754300e+000  3.9168650e+000
 -6.5000000e+000 -1.4454300e+000 -6.0231350e+000
 -7.5500000e+000 -2.6543000e-001 -2.9783135e+001
 -6.9800000e+000  1.3045700e+000 -2.9383135e+001
 -5.2100000e+000  2.7345700e+000 -1.9283135e+001
 -4.2600000e+000  3.2845700e+000 -9.2131350e+000
 -4.3600000e+000  4.5745700e+000  3.3368650e+000
 -4.0900000e+000  5.7845700e+000  8.0468650e+000
 -2.9300000e+000  5.6945700e+000  1.0626865e+001
 -2.3100000e+000  4.3045700e+000  1.4636865e+001
 -2.1800000e+000  2.6045700e+000  1.9156865e+001
 -2.7000000e+000  2.6445700e+000  8.9468650e+000
 -3.4200000e+000  3.4645700e+000 -6.3131350e+000
 -3.1400000e+000  2.8345700e+000 -4.5131350e+000
 -3.4800000e+000  5.3457000e-001  1.2968650e+000
 -3.7200000e+000 -1.2354300e+000  3.3868650e+000
 -2.6300000e+000 -1.2354300e+000 -1.8213135e+001
 -1.5000000e+000 -4.7543000e-001 -3.9123135e+001
 -1.3300000e+000  6.0457000e-001 -3.5893135e+001
 -1.3400000e+000  1.5245700e+000 -2.4203135e+001
 -2.6700000e+000  8.1457000e-001 -9.0131350e+000
 -4.6800000e+000  2.4457000e-001  2.6646865e+001
 -5.4800000e+000 -1.0754300e+000  4.1876865e+001
 -5.0600000e+000 -2.5895430e+001  4.0616865e+001
 -4.9000000e+000 -4.2885430e+001  3.8496865e+001
 -4.7300000e+000 -3.9065430e+001  3.8366865e+001
 -4.7800000e+000 -3.0695430e+001  2.0686865e+001
 -4.1300000e+000 -2.4225430e+001  9.0968650e+000
 -2.6000000e+000 -1.9715430e+001  1.1356865e+001
 -1.3300000e+000 -1.6425430e+001  1.2896865e+001
 -3.8000000e-001 -1.3995430e+001  7.0668650e+000
 -8.1000000e-001 -1.0525430e+001 -2.4993135e+001
 -1.7400000e+000 -3.2554300e+000 -4.2723135e+001
 -2.3800000e+000  6.9645700e+000 -3.7153135e+001
 -2.0300000e+000  1.5154570e+001 -2.2913135e+001
 -1.2400000e+000  1.7144570e+001 -2.7131350e+000
 -7.4000000e-001  1.3684570e+001  3.1826865e+001
 -5.6000000e-001  7.5845700e+000  4.0036865e+001
 -2.0000000e-001  2.4545700e+000  3.7496865e+001
 -3.4000000e-001 -7.8543000e-001  3.5286865e+001
  9.0000000e-002 -3.3054300e+000  3.1506865e+001
  1.0700000e+000 -4.9854300e+000  7.7568650e+000
  5.1000000e-001 -5.4554300e+000  4.6865000e-002
 -2.0000000e-001 -4.4954300e+000  4.5868650e+000
  2.2000000e-001 -4.2954300e+000  7.4768650e+000
  1.2300000e+000 -4.7154300e+000  1.3686500e-001
  9.3000000e-001 -4.9654300e+000 -2.8283135e+001
  7.0000000e-002 -5.2554300e+000 -3.4463135e+001
  1.0900000e+000 -4.6954300e+000 -2.4363135e+001
  1.4000000e+000 -4.1354300e+000 -1.1043135e+001
 -1.0900000e+000 -4.2054300e+000  5.9686500e-001
 -2.3100000e+000 -4.3754300e+000  1.6368650e+000
 -1.9000000e+000 -3.3554300e+000  4.9268650e+000
  1.5000000e-001 -6.9543000e-001  1.0646865e+001
  2.9400000e+000  2.0245700e+000  1.4456865e+001
  2.9500000e+000  3.6145700e+000  6.0968650e+000
  3.7000000e-001  5.3545700e+000 -2.0233135e+001
 -6.4000000e-001  7.0145700e+000 -2.5293135e+001
 -7.0000000e-002  7.6945700e+000 -1.9483135e+001
  1.3800000e+000  7.0045700e+000 -1.1503135e+001
  3.8000000e+000  5.5745700e+000 -8.6731350e+000
  7.0900000e+000  4.7345700e+000 -1.7173135e+001
  1.0020000e+001  4.9645700e+000 -1.5933135e+001
  1.1860000e+001  5.9445700e+000 -7.8831350e+000
  1.1790000e+001  6.8545700e+000  1.6168650e+000
  9.6200000e+000  6.5045700e+000 -5.6313500e-001
  7.6100000e+000  5.2545700e+000 -1.4213135e+001
  6.8600000e+000  5.3045700e+000 -1.0853135e+001
  7.2400000e+000  6.3245700e+000 -1.4831350e+000
  7.2500000e+000  6.5945700e+000  5.3768650e+000
  7.7100000e+000  6.2045700e+000 -8.1331350e+000
  7.4700000e+000  7.0945700e+000 -2.9293135e+001
  6.4100000e+000  8.3245700e+000 -2.6953135e+001
  5.7200000e+000  8.0145700e+000 -1.5163135e+001
  5.1100000e+000  6.9945700e+000 -1.6631350e+000
  4.8000000e+000  5.2845700e+000  1.7796865e+001
  4.6700000e+000  3.4945700e+000  2.4516865e+001
  4.3800000e+000  3.3345700e+000  2.4356865e+001
  3.4900000e+000  3.1345700e+000  2.5226865e+001
  2.4000000e+000  1.9345700e+000  2.7246865e+001
  2.1100000e+000  4.0457000e-001  1.2446865e+001
  2.3300000e+000 -2.2543000e-001 -2.5831350e+000
  3.1900000e+000 -4.0543000e-001 -2.6631350e+000
  5.5500000e+000  1.7457000e-001  4.2686500e-001
  7.1800000e+000  1.2045700e+000  1.3068650e+000
  5.7400000e+000  2.5345700e+000 -2.1913135e+001
  3.4500000e+000  3.9945700e+000 -3.8903135e+001
  2.4400000e+000  4.5545700e+000 -3.4003135e+001
  2.4100000e+000  4.4945700e+000 -2.1613135e+001
  2.5700000e+000  3.4145700e+000 -4.9231350e+000
  2.5400000e+000  2.2045700e+000  3.4916865e+001
  2.5900000e+000  2.9145700e+000  4.8836865e+001
  1.5800000e+000  4.8645700e+000  4.6436865e+001
  1.7300000e+000  5.6845700e+000  4.2466865e+001
  1.9100000e+000  5.7345700e+000  3.8676865e+001
  7.5000000e-001  5.6145700e+000  1.6246865e+001
  1.0000000e-002  3.8445700e+000  4.8368650e+000
  2.4000000e+000  1.4045700e+000  6.0768650e+000
  3.5600000e+000  1.5245700e+000  6.5968650e+000
  2.0700000e+000  5.2345700e+000 -3.4313500e-001
  1.2500000e+000  6.3545700e+000 -3.0963135e+001
  1.2200000e+000  3.9545700e+000 -4.2943135e+001
  7.6000000e-001  8.5457000e-001 -3.5943135e+001
  5.3000000e-001 -7.7543000e-001 -2.3073135e+001
  1.0800000e+000 -1.0854300e+000 -3.3931350e+000
  2.0600000e+000 -3.6543000e-001  2.3556865e+001
  3.3900000e+000  9.9457000e-001  3.1626865e+001
  5.0800000e+000  1.3245700e+000  3.3696865e+001
  6.9000000e+000  3.5457000e-001  3.3736865e+001
  7.4900000e+000 -6.2543000e-001  2.6696865e+001
  7.1400000e+000 -1.4854300e+000 -4.7313500e-001
  6.6100000e+000 -2.1654300e+000 -9.2331350e+000
  5.6000000e+000 -2.3254300e+000 -7.5231350e+000
  3.4700000e+000 -2.0654300e+000 -5.3631350e+000
  1.7000000e+000 -1.5254300e+000 -1.2683135e+001
  1.2000000e+000  1.0457000e-001 -3.7893135e+001
  8.1000000e-001  1.4045700e+000 -4.2263135e+001
  1.4800000e+000  5.7457000e-001 -3.3593135e+001
  4.0300000e+000 -8.5543000e-001 -2.1583135e+001
  5.4300000e+000 -3.7543000e-001 -1.2603135e+001
  5.1700000e+000  7.4457000e-001 -1.6283135e+001
  2.9700000e+000  8.0457000e-001 -1.2193135e+001
 -4.7000000e-001  7.0457000e-001 -4.4031350e+000
 -3.1400000e+000  2.3045700e+000  2.0468650e+000
 -4.2100000e+000  5.0645700e+000 -7.6231350e+000
 -5.2600000e+000  7.7045700e+000 -3.0963135e+001
 -6.2100000e+000  9.6345700e+000 -3.1533135e+001
 -5.6300000e+000  9.7145700e+000 -2.3033135e+001
 -5.5900000e+000  8.2045700e+000 -1.4693135e+001
 -6.3900000e+000  6.3445700e+000 -1.2243135e+001
 -6.2800000e+000  4.6645700e+000 -1.8403135e+001
 -4.8400000e+000  2.2845700e+000 -1.5763135e+001
 -2.3400000e+000 -1.5254300e+000 -6.1931350e+000
  2.4000000e-001 -5.7954300e+000  3.6368650e+000
  2.1400000e+000 -9.0454300e+000 -1.6131350e+000
  3.0800000e+000 -1.1695430e+001 -1.3453135e+001
  2.9200000e+000 -1.3965430e+001 -1.0453135e+001
  1.5700000e+000 -1.6935430e+001 -5.1031350e+000
  5.0000000e-002 -1.8285430e+001 -2.0631350e+000
 -6.5000000e-001 -1.8705430e+001 -2.1003135e+001
 -4.5000000e-001 -1.6835430e+001 -3.9223135e+001
  1.0000000e-002 -1.3765430e+001 -3.3683135e+001
  4.3000000e-001 -1.1085430e+001 -2.0923135e+001
  6.4000000e-001 -8.8754300e+000 -8.0231350e+000
  8.5000000e-001 -7.4054300e+000  1.5406865e+001
  1.2800000e+000 -6.6754300e+000  2.4036865e+001
  1.7700000e+000 -5.0654300e+000  2.5466865e+001
  1.8000000e+000 -4.1754300e+000  2.8096865e+001
  3.3800000e+000 -4.1754300e+000  3.0986865e+001
  5.5900000e+000 -4.7354300e+000  1.4186865e+001
  5.3700000e+000 -5.2254300e+000  1.9168650e+000
  3.1400000e+000 -6.1854300e+000  3.4868650e+000
  1.1700000e+000 -6.9354300e+000  5.9068650e+000
 -2.0000000e-001 -7.8354300e+000  1.9968650e+000
 -5.7000000e-001 -7.9254300e+000 -2.8123135e+001
  3.0000000e-001 -8.5154300e+000 -4.4053135e+001
  1.6000000e+000 -9.3954300e+000 -3.8193135e+001
  1.6500000e+000 -1.0205430e+001 -2.4623135e+001
  9.9000000e-001 -1.0255430e+001 -3.4231350e+000
  2.0000000e-002 -9.0554300e+000  3.8566865e+001
 -6.9000000e-001 -6.3954300e+000  4.9246865e+001
 -9.8000000e-001 -4.5254300e+000  4.5906865e+001
 -1.9000000e+000 -4.1754300e+000  4.2416865e+001
 -2.5000000e+000 -4.1854300e+000  3.9116865e+001
 -3.4500000e+000 -4.9654300e+000  1.6926865e+001
 -5.6900000e+000 -6.2054300e+000  9.6268650e+000
 -9.1000000e+000 -5.8754300e+000  1.2906865e+001
 -1.3600000e+001 -6.2554300e+000  1.4246865e+001
 -1.6460000e+001 -8.3254300e+000  4.9068650e+000
 -1.7280000e+001 -9.7354300e+000 -2.8573135e+001
 -1.7480000e+001 -1.0675430e+001 -3.9653135e+001
 -1.7610000e+001 -1.1545430e+001 -3.2623135e+001
 -1.7180000e+001 -1.2985430e+001 -1.9643135e+001
 -1.5650000e+001 -1.3895430e+001 -4.4313500e-001
 -1.2700000e+001 -1.3885430e+001  1.6216865e+001
 -9.1700000e+000 -1.3265430e+001  1.8226865e+001
 -6.7300000e+000 -1.1485430e+001  1.8196865e+001
 -5.2100000e+000 -9.4154300e+000  1.9116865e+001
 -3.4500000e+000 -8.4654300e+000  1.1026865e+001
 -1.4300000e+000 -8.1454300e+000 -1.2933135e+001
  4.2000000e-001 -7.9654300e+000 -1.5713135e+001
  8.9000000e-001 -8.1854300e+000 -9.0531350e+000
  1.4700000e+000 -7.7254300e+000 -3.5131350e+000
  1.9700000e+000 -5.1854300e+000 -1.0163135e+001
  3.2000000e-001 -3.3254300e+000 -3.0553135e+001
 -2.2900000e+000 -3.7954300e+000 -3.2533135e+001
 -4.2600000e+000 -5.5754300e+000 -2.3783135e+001
 -4.7600000e+000 -6.1454300e+000 -1.2473135e+001
 -4.8300000e+000 -5.7554300e+000 -1.0243135e+001
 -4.4400000e+000 -5.4154300e+000 -1.9603135e+001
 -2.8600000e+000 -5.1954300e+000 -1.6073135e+001
 -1.5500000e+000 -4.8654300e+000 -7.6031350e+000
 -1.1900000e+000 -4.9154300e+000 -1.7313500e-001
 -1.9000000e+000 -4.2154300e+000 -9.5031350e+000
 -9.0000000e-001 -2.5254300e+000 -2.4763135e+001
  5.5000000e-001 -2.0054300e+000 -1.9733135e+001
  1.6400000e+000 -3.7854300e+000 -1.0243135e+001
  2.3100000e+000 -6.7454300e+000 -1.6031350e+000
  2.1500000e+000 -9.7354300e+000  3.5868650e+000
  1.5300000e+000 -1.2005430e+001  6.5686500e-001
  1.2400000e+000 -1.3465430e+001  2.9668650e+000
  1.3100000e+000 -1.4695430e+001  8.5968650e+000
  1.4100000e+000 -1.5765430e+001  1.4076865e+001
  4.4000000e-001 -1.7325430e+001  2.1968650e+000
 -3.1000000e-001 -1.9435430e+001 -1.1343135e+001
 -6.4000000e-001 -2.1495430e+001 -9.2331350e+000
 -7.9000000e-001 -2.3195430e+001 -2.9831350e+000
 -4.7000000e-001 -2.4195430e+001  5.9686500e-001
  6.1000000e-001 -2.4025430e+001 -2.1073135e+001
  1.5200000e+000 -2.4085430e+001 -3.6923135e+001
  1.3400000e+000 -2.4605430e+001 -3.2573135e+001
  3.3000000e-001 -2.5885430e+001 -2.1883135e+001
 -9.2000000e-001 -2.8515430e+001 -8.6531350e+000
 -8.3000000e-001 -3.1785430e+001  1.9336865e+001
  5.1000000e-001 -3.4785430e+001  2.7296865e+001
  1.4000000e+000 -3.5655430e+001  2.5726865e+001
  7.2000000e-001 -3.4855430e+001  2.5116865e+001
 -1.9000000e-001 -3.3645430e+001  2.5906865e+001
 -7.7000000e-001 -3.2055430e+001  1.0316865e+001
 -7.7000000e-001 -3.0215430e+001  4.6468650e+000
 -1.6000000e-001 -2.8415430e+001  1.0216865e+001
  4.8000000e-001 -2.7235430e+001  1.5196865e+001
  6.0000000e-001 -2.7365430e+001  1.0436865e+001
  4.5000000e-001 -2.8095430e+001 -2.1773135e+001
 -1.5000000e-001 -2.8175430e+001 -3.4453135e+001
 -7.9000000e-001 -2.7905430e+001 -2.8193135e+001
 -1.6000000e-001 -2.7605430e+001 -1.7463135e+001
  1.0200000e+000 -2.7095430e+001  2.7468650e+000
  1.7200000e+000 -2.5265430e+001  3.8306865e+001
  2.0500000e+000 -2.1075430e+001  4.3876865e+001
  1.3600000e+000 -1.6945430e+001  3.9126865e+001
 -3.7000000e-001 -1.5525430e+001  3.5326865e+001
 -3.2000000e+000 -1.6215430e+001  2.9506865e+001
 -5.4800000e+000 -1.8375430e+001  6.3768650e+000
 -5.9300000e+000 -1.9865430e+001  3.5686500e-001
 -5.1300000e+000 -2.0895430e+001  3.1068650e+000
 -4.7000000e+000 -2.2825430e+001  4.9868650e+000
 -4.5600000e+000 -2.5375430e+001 -5.8431350e+000
 -4.4200000e+000 -2.7515430e+001 -3.5953135e+001
 -4.6300000e+000 -2.8205430e+001 -4.1633135e+001
 -4.7100000e+000 -2.7665430e+001 -3.2713135e+001
 -3.9700000e+000 -2.6675430e+001 -1.9863135e+001
 -2.4200000e+000 -2.5535430e+001 -2.6631350e+000
 -1.5700000e+000 -2.3385430e+001  4.7768650e+000
 -1.9400000e+000 -1.9485430e+001  7.2368650e+000
 -1.4100000e+000 -1.6215430e+001  1.0536865e+001
 -4.2000000e-001 -1.3135430e+001  1.3596865e+001
 -1.6900000e+000 -1.0525430e+001  3.1268650e+000
 -4.2500000e+000 -1.0885430e+001 -1.9063135e+001
 -6.5900000e+000 -1.4005430e+001 -1.9203135e+001
 -8.9800000e+000 -1.8025430e+001 -1.1213135e+001
 -1.0060000e+001 -2.0755430e+001 -5.5731350e+000
 -9.5500000e+000 -2.1835430e+001 -1.2113135e+001
 -8.3200000e+000 -2.0575430e+001 -2.5923135e+001
 -7.1100000e+000 -1.7425430e+001 -2.3963135e+001
 -6.8100000e+000 -1.4175430e+001 -1.5173135e+001
 -5.9000000e+000 -1.1805430e+001 -5.7031350e+000
 -3.8200000e+000 -1.0825430e+001 -9.1231350e+000
 -1.4600000e+000 -1.0385430e+001 -1.8893135e+001
  1.5300000e+000 -8.7354300e+000 -1.3933135e+001
  4.0400000e+000 -5.6854300e+000 -4.8331350e+000
  3.4100000e+000 -4.1054300e+000  9.7686500e-001
  1.2200000e+000 -3.9354300e+000 -1.6263135e+001
  8.6000000e-001 -4.4254300e+000 -3.3373135e+001
 -1.3000000e-001 -5.7154300e+000 -2.7943135e+001
 -2.2400000e+000 -7.1354300e+000 -1.5723135e+001
 -6.2100000e+000 -7.1954300e+000 -4.5331350e+000
 -1.0140000e+001 -7.5754300e+000  5.5768650e+000
 -1.2540000e+001 -8.6454300e+000  7.5168650e+000
 -1.3030000e+001 -9.5554300e+000  9.5568650e+000
 -1.3020000e+001 -9.6354300e+000  1.2356865e+001
 -1.2030000e+001 -8.8054300e+000  1.4796865e+001
 -9.6800000e+000 -7.1754300e+000 -8.1313500e-001
 -7.9700000e+000 -5.5554300e+000 -9.3531350e+000
 -8.1300000e+000 -5.0654300e+000 -3.2731350e+000
 -9.9900000e+000 -4.5254300e+000  4.0268650e+000
 -1.1660000e+001 -2.6854300e+000  5.5668650e+000
 -1.3500000e+001 -1.3354300e+000 -1.9983135e+001
 -1.4700000e+001 -1.7954300e+000 -3.3023135e+001
 -1.4470000e+001 -1.8254300e+000 -2.6803135e+001
 -1.3310000e+001 -2.0554300e+000 -1.4743135e+001
 -1.2130000e+001 -3.1254300e+000  2.5968650e+000
 -1.1660000e+001 -4.4154300e+000  3.6356865e+001
 -1.0770000e+001 -4.8054300e+000  4.4846865e+001
 -8.3100000e+000 -4.9754300e+000  4.3726865e+001
 -6.4300000e+000 -6.1354300e+000  4.4666865e+001
 -5.1000000e+000 -7.7554300e+000  4.3566865e+001
 -3.8700000e+000 -8.2354300e+000  2.1776865e+001
 -2.9200000e+000 -7.2354300e+000  1.3686865e+001
 -2.9500000e+000 -6.2154300e+000  1.5776865e+001
 -3.9100000e+000 -5.8554300e+000  1.7176865e+001
 -4.7100000e+000 -7.3554300e+000  6.9568650e+000
 -4.6700000e+000 -8.4754300e+000 -2.8263135e+001
 -3.6200000e+000 -8.1854300e+000 -3.9763135e+001
 -2.1600000e+000 -8.4854300e+000 -3.3523135e+001
 -1.0400000e+000 -8.6354300e+000 -2.1953135e+001
 -3.0000000e-002 -8.8954300e+000  1.2268650e+000
  1.0400000e+000 -1.0085430e+001  3.0986865e+001
  2.2900000e+000 -1.0735430e+001  3.5386865e+001
  3.0600000e+000 -9.9654300e+000  3.3596865e+001
  2.4300000e+000 -9.0654300e+000  3.3976865e+001
 -4.8000000e-001 -8.5654300e+000  2.7946865e+001
 -4.0600000e+000 -7.2054300e+000  4.9668650e+000
 -5.8500000e+000 -4.7054300e+000  7.1686500e-001
 -6.0800000e+000 -2.8854300e+000  4.6968650e+000
 -5.6500000e+000 -1.4954300e+000  6.9768650e+000
 -5.3300000e+000 -1.0543000e-001 -5.2031350e+000
 -4.4400000e+000  1.7745700e+000 -3.2273135e+001
 -2.9500000e+000  5.5545700e+000 -3.6923135e+001
 -1.5400000e+000  8.2245700e+000 -2.8993135e+001
 -7.0000000e-002  9.7945700e+000 -1.6633135e+001
  1.7100000e+000  1.0274570e+001 -6.1031350e+000
  3.1700000e+000  1.0214570e+001 -6.8431350e+000
  3.8900000e+000  1.0614570e+001 -4.5231350e+000
  4.2800000e+000  1.0984570e+001  8.6865000e-002
  3.7800000e+000  1.0964570e+001  5.1668650e+000
  2.9200000e+000  1.0214570e+001 -6.5731350e+000
  2.1100000e+000  9.0045700e+000 -2.5513135e+001
  2.1100000e+000  9.2845700e+000 -2.3223135e+001
  3.0200000e+000  1.0614570e+001 -1.2693135e+001
  3.4100000e+000  1.1754570e+001 -2.7331350e+000
  3.3600000e+000  1.2794570e+001 -3.3531350e+000
  2.9700000e+000  1.4704570e+001 -9.9631350e+000
  3.9700000e+000  1.7624570e+001 -5.9031350e+000
  5.0500000e+000  2.0474570e+001  4.7468650e+000
  5.9800000e+000  2.2474570e+001  1.6906865e+001
  8.4000000e+000  2.1214570e+001  9.4768650e+000
  1.1690000e+001  1.7664570e+001 -1.9231350e+000
  1.3950000e+001  1.3284570e+001  1.7568650e+000
  1.4280000e+001  9.8245700e+000  8.9268650e+000
  1.3530000e+001  7.8745700e+000  1.0906865e+001
  1.2880000e+001  6.2745700e+000 -1.2773135e+001
  1.2620000e+001  5.1445700e+000 -2.9673135e+001
  1.0810000e+001  4.3945700e+000 -2.6673135e+001
  7.6200000e+000  4.2345700e+000 -1.7383135e+001
  4.7600000e+000  3.6645700e+000 -6.7331350e+000
  3.7700000e+000  2.9845700e+000  9.1468650e+000
  4.7100000e+000  3.7845700e+000  1.4286865e+001
  4.8100000e+000  5.1545700e+000  1.6536865e+001
  5.3200000e+000  5.0545700e+000  1.9336865e+001
  7.2200000e+000  3.3945700e+000  2.1906865e+001
  9.4400000e+000  1.5445700e+000  6.0968650e+000
  1.1180000e+001  8.2457000e-001  4.9686500e-001
  1.1460000e+001  6.5457000e-001  6.6768650e+000
  1.1000000e+001 -9.6543000e-001  1.1626865e+001
  9.6600000e+000 -3.8554300e+000  7.5068650e+000
  8.5600000e+000 -7.6554300e+000 -2.2473135e+001
  8.5900000e+000 -1.1385430e+001 -3.2923135e+001
  7.8000000e+000 -1.3235430e+001 -2.5283135e+001
  6.1000000e+000 -1.2805430e+001 -1.2653135e+001
  5.5100000e+000 -1.1585430e+001  9.6268650e+000
  5.0100000e+000 -1.1125430e+001  4.6326865e+001
  3.9700000e+000 -1.0745430e+001  5.2116865e+001
  3.7300000e+000 -1.0305430e+001  4.8826865e+001
  4.2500000e+000 -9.8154300e+000  4.7216865e+001
  4.3700000e+000 -8.5354300e+000  4.2566865e+001
  4.1500000e+000 -6.7454300e+000  2.0606865e+001
  4.8400000e+000 -4.4754300e+000  1.5336865e+001
  5.5300000e+000 -1.2454300e+000  1.7946865e+001
  5.4000000e+000  1.6245700e+000  1.6756865e+001
  5.2900000e+000  4.2145700e+000  2.4068650e+000
  5.4200000e+000  5.3445700e+000 -3.0823135e+001
  5.7900000e+000  4.8845700e+000 -3.9483135e+001
  7.2200000e+000  4.4745700e+000 -3.2563135e+001
  9.0400000e+000  3.9245700e+000 -2.1193135e+001
  1.0070000e+001  2.8845700e+000  2.6868650e+000
  1.0940000e+001  3.0445700e+000  2.3876865e+001
  1.1440000e+001  5.2745700e+000  2.6856865e+001
  1.1480000e+001  7.1345700e+000  2.5376865e+001
  1.1600000e+001  8.7545700e+000  2.5036865e+001
  1.0730000e+001  8.3245700e+000  1.4586865e+001
  9.3400000e+000  6.5145700e+000 -6.8831350e+000
  7.5900000e+000  5.1445700e+000 -7.8431350e+000
  5.9500000e+000  4.2345700e+000 -8.4313500e-001
  5.0600000e+000  3.6245700e+000  3.5068650e+000
  5.2900000e+000  3.8045700e+000 -9.6731350e+000
  5.7600000e+000  4.7645700e+000 -3.0793135e+001
  5.8700000e+000  5.2345700e+000 -3.1203135e+001
  5.9400000e+000  4.6745700e+000 -2.2203135e+001
  5.5400000e+000  4.6345700e+000 -1.1743135e+001
  5.0400000e+000  4.6245700e+000 -9.4631350e+000
  5.6600000e+000  4.1745700e+000 -1.5773135e+001
  6.9500000e+000  3.0345700e+000 -1.3113135e+001
  7.5000000e+000  1.0045700e+000 -7.1031350e+000
  7.5200000e+000 -6.8543000e-001 -3.2331350e+000
  8.0200000e+000 -1.3554300e+000 -2.0783135e+001
  8.5100000e+000 -2.0954300e+000 -3.6773135e+001
  7.5400000e+000 -2.9154300e+000 -3.1523135e+001
  5.3800000e+000 -2.3254300e+000 -2.1613135e+001
  2.9500000e+000  1.9457000e-001 -1.3633135e+001
  1.1400000e+000  2.7545700e+000 -1.3363135e+001
  1.7000000e-001  4.9545700e+000 -1.7463135e+001
 -1.1000000e-001  6.3845700e+000 -1.4313135e+001
 -6.0000000e-002  6.4945700e+000 -7.3831350e+000
  6.0000000e-002  7.5945700e+000 -8.5313500e-001
  8.8000000e-001  8.8545700e+000 -1.2663135e+001
  1.9500000e+000  8.8645700e+000 -2.0683135e+001
  2.6800000e+000  8.6645700e+000 -1.5623135e+001
  3.2700000e+000  7.3745700e+000 -9.1631350e+000
  4.3800000e+000  5.4445700e+000 -6.7531350e+000
  5.6100000e+000  3.7645700e+000 -2.7873135e+001
  7.7700000e+000  3.2545700e+000 -3.7273135e+001
  9.4600000e+000  3.8045700e+000 -2.8923135e+001
  9.6800000e+000  4.3345700e+000 -1.6783135e+001
  8.2600000e+000  5.4845700e+000 -3.0331350e+000
  6.8300000e+000  7.5745700e+000  1.9216865e+001
  7.2800000e+000  9.8845700e+000  2.3736865e+001
  8.7000000e+000  1.1264570e+001  2.2526865e+001
  9.9600000e+000  1.2024570e+001  2.2076865e+001
  1.0450000e+001  1.2964570e+001  2.0316865e+001
  9.4500000e+000  1.3084570e+001  4.4686500e-001
  8.4600000e+000  1.1824570e+001 -5.3831350e+000
  8.4300000e+000  1.0584570e+001 -5.9313500e-001
  9.1200000e+000  1.0724570e+001  3.6168650e+000
  1.0390000e+001  1.1384570e+001 -3.3131350e+000
  1.1450000e+001  1.1804570e+001 -3.4383135e+001
  1.1940000e+001  1.1694570e+001 -4.1543135e+001
  1.2030000e+001  1.1354570e+001 -3.1053135e+001
