  3.6230213e-003  1.9558368e-002  1.5935346e-002 -7.7271297e-003 -4.1041083e-003  1.1831238e-002 -6.7161055e-004  2.1706248e-003  3.3871008e-002  5.2106359e-002  3.9651543e-002  2.2363323e-002
  4.0799530e-003  3.5986866e-003 -4.8126631e-004 -2.5595465e-003  1.5204064e-003  1.0391402e-003 -1.0715572e-002 -1.6014668e-002 -2.3320830e-003  1.6147528e-002  1.7620003e-002  9.5078278e-003
 -4.1880616e-003 -9.4637314e-003 -5.2756699e-003  4.5505977e-003  3.6253613e-004 -4.9131338e-003  6.4050022e-003  9.3746487e-003 -1.0753653e-002 -2.6463895e-002 -2.3330764e-002 -1.3314661e-002
  9.6899424e-004  6.5726871e-003  5.6036929e-003 -2.5138938e-003 -1.5448996e-003  4.0587934e-003  1.5242655e-003  2.5099816e-003  1.2337000e-002  1.0619468e-002  6.7470852e-003  4.6770289e-003
  2.6364146e-003 -1.6880030e-004 -2.8052150e-003 -8.2253809e-004  1.8138765e-003 -9.9133841e-004 -2.0442429e-003 -7.3255909e-003 -4.8036306e-003  1.0173703e-002  1.1905343e-002  5.4734219e-003
 -3.2386010e-003 -6.5264716e-006  3.2320745e-003  1.0817092e-003 -2.1568919e-003  1.0751826e-003 -1.0109389e-002 -6.2040483e-003 -1.1276895e-003 -2.0097524e-003 -1.6509816e-003 -7.3038055e-004
 -7.7870381e-003 -1.0903521e-003  6.6966861e-003  2.9591301e-003 -4.8279080e-003  1.8687780e-003 -9.8181434e-003 -1.4752525e-002 -6.2554042e-004 -2.1069781e-002 -1.1198393e-002 -3.3878108e-003
 -7.8530405e-003 -1.5003364e-002 -7.1503240e-003  7.6188017e-003 -2.3423880e-004 -7.3845630e-003 -2.4430747e-004  9.1491000e-003 -4.9671945e-003 -2.8898178e-002 -1.2621032e-002 -7.6666230e-003
 -4.1424672e-003 -2.1839038e-002 -1.7696571e-002  8.6605016e-003  4.5180345e-003 -1.3178536e-002  4.5434592e-003  2.4709162e-002  1.1160888e-002 -6.2560514e-004  7.8258749e-003 -2.0635595e-003
 -2.3815841e-003 -2.0207008e-002 -1.7825423e-002  7.5295305e-003  5.1479463e-003 -1.2677477e-002 -9.2701714e-004  5.7749666e-003  1.1646532e-002  1.7243804e-002  1.8513613e-002  1.0117261e-003
 -6.0685599e-003 -1.2536632e-002 -6.4680726e-003  6.2017307e-003  1.3317095e-004 -6.3349018e-003  1.7442449e-003 -3.4937028e-002 -9.6413289e-003  1.8940353e-003  3.6510265e-003  5.5818992e-004
 -2.0510610e-002 -1.6944662e-002  3.5659475e-003  1.2485091e-002 -8.0255191e-003 -4.4595715e-003  1.7304135e-002 -6.4485634e-002 -7.9563522e-002 -8.1775115e-002 -5.5765870e-002 -2.4908059e-002
 -3.0015298e-002 -2.2074325e-002  7.9409727e-003  1.7363208e-002 -1.2652090e-002 -4.7111174e-003  4.3672813e-002 -3.8330001e-002 -9.2475859e-002 -1.0948152e-001 -7.4661843e-002 -3.4620598e-002
 -1.6730302e-002 -1.9596820e-002 -2.8665181e-003  1.2109041e-002 -4.6212613e-003 -7.4877795e-003  4.7540763e-002  2.1730499e-003 -4.5937075e-002 -6.5692735e-002 -4.6522441e-002 -1.7966659e-002
 -5.4803369e-004 -7.4441351e-003 -6.8961013e-003  2.6640562e-003  2.1160225e-003 -4.7800788e-003  1.2478661e-002  2.8833933e-002  5.5232462e-003 -8.7867724e-003 -1.1034862e-002 -7.5255192e-003
  9.7004578e-003  8.8453436e-003 -8.5511406e-004 -6.1819338e-003  3.5185240e-003  2.6634099e-003 -3.1217320e-002  1.2129927e-002  4.8074857e-002  5.8460158e-002  4.0209817e-002  1.6821968e-002
  1.2712607e-002  2.1424730e-002  8.7121232e-003 -1.1379112e-002  1.3334945e-003  1.0045618e-002 -3.3466632e-002 -1.8558446e-002  2.2266922e-002  4.0305242e-002  3.1345910e-002  1.6826115e-002
 -2.6110694e-003 -8.2095119e-003 -5.5984426e-003  3.6068604e-003  9.9579110e-004 -4.6026517e-003  2.4996063e-002  6.9076520e-003 -1.6824460e-002 -2.4105115e-002 -1.6347198e-002 -7.8351594e-003
 -7.3947061e-003 -4.5994594e-003  2.7952468e-003  3.9980551e-003 -3.3966510e-003 -6.0140421e-004 -3.2618868e-003  3.1116893e-003  5.0981568e-004 -5.3432949e-003 -7.0859746e-003 -3.6796888e-003
  5.9430182e-003  9.8164158e-003  3.8733974e-003 -5.2531446e-003  6.8987363e-004  4.5632710e-003 -2.7354989e-002 -1.0469202e-002  1.0659804e-002  1.8074613e-002  1.4619573e-002  4.6549938e-003
  7.7316674e-003 -2.5333377e-003 -1.0265005e-002 -1.7327766e-003  5.9988910e-003 -4.2661143e-003  1.1119080e-002  3.8427675e-004 -1.5118621e-003  4.4264715e-003  9.1305921e-003  1.2704368e-002
  3.7974795e-003  6.9548401e-003  3.1573606e-003 -3.5841066e-003  2.1337295e-004  3.3707337e-003  4.4909316e-002  1.8982907e-002  3.7106459e-003 -1.2026091e-004 -7.5980530e-003 -1.1413681e-002
  6.5408948e-003  1.2138574e-002  5.5976793e-003 -6.2264898e-003  3.1440518e-004  5.9120844e-003  6.4828596e-002  3.9059240e-002  1.5017080e-002  8.0210791e-003  6.7037043e-004  3.1800589e-005
 -7.1774598e-004 -5.7292681e-003 -5.0115221e-003  2.1490047e-003  1.4312587e-003 -3.5802633e-003  7.9752357e-002  5.2190326e-002  2.3299370e-002  2.0508591e-002  1.3768394e-002  1.1671284e-002
 -1.3548305e-002 -3.2145306e-002 -1.8597001e-002  1.5231204e-002  1.6828987e-003 -1.6914102e-002  4.3295207e-002  1.2821613e-002 -1.4474440e-002 -6.6568330e-003 -3.2333428e-003 -8.1005569e-003
 -1.2739978e-002 -2.8152585e-002 -1.5412607e-002  1.3630854e-002  8.9087626e-004 -1.4521731e-002 -1.7871399e-002 -2.2745143e-002 -3.4771145e-002 -2.3120704e-002 -2.1039016e-002 -2.0032285e-002
  4.4977116e-003 -1.3273874e-002 -1.7771586e-002  2.9253875e-003  7.4230993e-003 -1.0348487e-002 -1.9157100e-002 -1.4965616e-002 -2.3939682e-002 -1.0359453e-002 -1.5725886e-003  2.1517051e-003
  3.1484224e-003 -9.9302572e-003 -1.3078680e-002  2.2606116e-003  5.4090341e-003 -7.6696457e-003 -1.5267324e-002 -2.4297683e-002 -2.7035819e-002 -1.4272832e-002 -5.5639752e-003 -6.6912601e-005
 -5.3359159e-003 -9.6875027e-003 -4.3515868e-003  5.0078062e-003 -3.2810974e-004 -4.6796964e-003 -4.9709358e-003 -3.1167260e-002 -3.1594911e-002 -3.2980813e-002 -2.9327971e-002  2.1628989e-003
 -3.0050627e-003 -7.9961150e-003 -4.9910522e-003  3.6670592e-003  6.6199652e-004 -4.3290557e-003  3.0563379e-003 -2.0907035e-002 -1.1309255e-002 -1.6112614e-002 -1.5043071e-002  1.1331516e-002
  2.0453840e-004 -3.5860103e-003 -3.7905486e-003  1.1271573e-003  1.3316957e-003 -2.4588530e-003 -3.5113603e-003 -2.5191348e-003  2.6390688e-002  9.2287171e-003  1.2335094e-002  1.6932877e-002
 -1.8076956e-003 -4.5136644e-003 -2.7059688e-003  2.1071199e-003  2.9942442e-004 -2.4065444e-003 -2.0646295e-003  1.0658514e-002  3.6993649e-002  6.1808962e-003  1.9903921e-002  6.5222178e-003
 -1.0602313e-002 -1.1911090e-002 -1.3087773e-003  7.5044679e-003 -3.0978452e-003 -4.4066226e-003 -3.6856822e-003  6.3342409e-003  8.8611097e-003 -3.2748356e-002 -2.2320142e-003 -1.3878499e-002
 -2.4888727e-002 -2.9169632e-002 -4.2809045e-003  1.8019453e-002 -6.8692742e-003 -1.1150179e-002  8.6128874e-003 -1.4531509e-002 -5.6267463e-002 -8.9809557e-002 -5.5238488e-002 -4.2105954e-002
 -3.0495623e-002 -2.6791921e-002  3.7037022e-003  1.9095848e-002 -1.1399775e-002 -7.6960728e-003 -1.0842130e-002 -3.4259851e-002 -8.6228436e-002 -1.0229027e-001 -8.2316858e-002 -5.3123605e-002
 -1.2150254e-002 -1.5788932e-002 -3.6386784e-003  9.3130619e-003 -2.8371918e-003 -6.4758700e-003 -3.4563038e-002 -2.8504131e-002 -4.8017864e-002 -6.3261167e-002 -4.5073721e-002 -1.8246696e-002
  2.8478115e-003  8.3882922e-004 -2.0089822e-003 -1.2288803e-003  1.6189312e-003 -3.9005100e-004 -4.7896376e-003 -2.5784462e-003 -7.0569287e-003 -1.9824361e-002 -1.6119963e-002 -3.2925403e-003
  7.8248681e-003  1.8372527e-002  1.0547659e-002 -8.7324653e-003 -9.0759702e-004  9.6400620e-003  1.3919227e-002  2.4988655e-002  3.8739070e-002  3.2361649e-002  1.8358604e-002  7.9695142e-003
  8.3121249e-003  4.7902078e-003 -3.5219172e-003 -4.3674443e-003  3.9446807e-003  4.2276357e-004  1.5752125e-002  1.2117896e-002  2.6948927e-002  4.9308519e-002  4.6401536e-002  2.9707768e-002
 -4.0726326e-003 -8.2445480e-003 -4.1719155e-003  4.1057268e-003  3.3094356e-005 -4.1388212e-003 -1.3487481e-002 -1.8898584e-002 -1.8694155e-002 -1.4655192e-002 -1.5050683e-002 -1.8544632e-002
 -2.7721959e-004  3.6266475e-003  3.9038671e-003 -1.1164760e-003 -1.3936956e-003  2.5101715e-003 -4.8162812e-003  7.6142135e-003  7.7948507e-004 -1.3570862e-002 -8.6901689e-003  5.3490852e-003
  3.3684178e-003  7.0034367e-003  3.6350190e-003 -3.4572849e-003 -8.8867072e-005  3.5461519e-003  3.5155589e-002  1.6363119e-002  1.5366424e-002  2.1607823e-002  1.5995630e-002  6.8547432e-003
 -3.5547853e-003 -3.5624186e-003 -7.6332984e-006  2.3724013e-003 -1.1823840e-003 -1.1900173e-003 -1.7666496e-002 -2.0661654e-002 -1.1145435e-002 -4.3534974e-003 -2.1746436e-003 -8.8437812e-003
 -6.3299464e-004 -1.5529751e-002 -1.4896756e-002  5.3875818e-003  4.7545872e-003 -1.0142169e-002 -6.4369324e-002 -3.0196762e-002 -1.4672507e-002 -7.5971564e-003 -6.0808330e-003 -3.7592341e-003
  1.0087138e-002 -1.1682199e-002 -2.1769337e-002  5.3168707e-004  1.0618825e-002 -1.1150512e-002 -6.6683618e-002 -1.5501573e-002 -6.5227102e-003 -3.3083900e-003 -1.0073034e-002 -7.3165930e-003
  9.0984433e-003 -2.4872252e-002 -3.3970696e-002  5.2579363e-003  1.4356380e-002 -1.9614316e-002 -3.4039175e-002  1.0796404e-002  2.2284698e-003  1.1451987e-002  7.8093958e-003 -2.1585977e-003
  9.6564026e-003 -2.8665269e-002 -3.8321671e-002  6.3362888e-003  1.5992691e-002 -2.2328980e-002  8.9235513e-003  3.6230425e-002  1.9589741e-002  2.0607851e-002  7.7529306e-003  2.2732724e-003
  3.2260596e-003 -2.1060547e-002 -2.4286607e-002  5.9448293e-003  9.1708888e-003 -1.5115718e-002  3.0316329e-002  4.7968337e-002  3.5041857e-002  2.5014527e-002  7.9888477e-003  6.9357339e-003
 -4.3962103e-003 -1.2874296e-002 -8.4780855e-003  5.7568353e-003  1.3606250e-003 -7.1174604e-003  6.2387937e-002  5.6008119e-002  3.9247503e-002  2.7551733e-002  5.5858924e-003 -1.1529658e-002
 -1.8832654e-002 -2.5122368e-002 -6.2897141e-003  1.4651674e-002 -4.1809800e-003 -1.0470694e-002  6.4837703e-002  2.4737014e-002  1.4067805e-002  9.3575832e-003 -1.7964465e-003 -5.4808181e-003
 -1.6493478e-002 -2.8424237e-002 -1.1930759e-002  1.4972572e-002 -1.5209064e-003 -1.3451666e-002 -5.8551931e-003 -1.8616385e-002 -7.6556959e-003 -4.9662020e-003 -8.5927095e-003 -4.6340784e-003
 -1.2537218e-002 -7.7091788e-003  4.8280393e-003  6.7487990e-003 -5.7884191e-003 -9.6037990e-004 -4.0806316e-002 -3.2731868e-002 -2.2686824e-002 -1.6188069e-002 -1.4307113e-002 -9.6200193e-003
 -1.0786111e-002 -1.1951819e-002 -1.1657077e-003  7.5793100e-003 -3.2068011e-003 -4.3725089e-003 -3.2453884e-002 -2.6946916e-002 -2.3246735e-002 -1.9621935e-002 -1.9356489e-002 -9.6315571e-003
 -2.3968567e-003  1.0135726e-003  3.4104293e-003  4.6109468e-004 -1.9357620e-003  1.4746673e-003 -1.5579354e-002 -1.5257644e-002 -8.5693643e-003 -5.9387796e-004 -4.4595157e-003 -3.0094230e-003
 -8.5605477e-003 -1.0239742e-002 -1.6791942e-003  6.2667631e-003 -2.2937844e-003 -3.9729787e-003 -1.5182463e-002 -8.5655756e-003 -2.9544371e-002 -2.5984486e-002 -1.3849503e-002 -1.7490001e-002
 -1.1598730e-002 -1.5655628e-002 -4.0568977e-003  9.0847860e-003 -2.5139441e-003 -6.5708418e-003 -1.2121613e-002  4.7655623e-003 -3.2469719e-002 -3.2610882e-002 -1.2077764e-002 -1.9717062e-002
 -5.4417314e-003 -1.8758095e-003  3.5659219e-003  2.4391803e-003 -3.0025511e-003  5.6337075e-004  3.3541887e-003  1.6141762e-002  1.0522400e-003 -1.1632569e-003  1.1931910e-002 -7.6905905e-004
 -1.0056584e-003  5.4410737e-003  6.4467321e-003 -1.4784718e-003 -2.4841302e-003  3.9626019e-003  8.5073833e-003  1.4846392e-002  2.5697278e-002  2.3825051e-002  2.7327877e-002  1.3051681e-002
 -5.6629554e-003 -9.1909703e-004  4.7438583e-003  2.1940175e-003 -3.4689379e-003  1.2749204e-003 -7.1333663e-003 -6.0277499e-003  1.3553985e-002  1.1449075e-002  1.0712412e-002  5.7107786e-003
 -1.7248718e-002 -2.0364744e-002 -3.1160258e-003  1.2537821e-002 -4.7108974e-003 -7.8269233e-003 -3.6149574e-002 -3.5405406e-002 -3.5980880e-002 -4.2563007e-002 -3.5397220e-002 -2.2181571e-002
 -2.6389268e-002 -3.3020011e-002 -6.6307430e-003  1.9803093e-002 -6.5861751e-003 -1.3216918e-002 -4.5133454e-002 -5.1210502e-002 -7.9678794e-002 -9.4590350e-002 -7.7137847e-002 -4.4200443e-002
 -1.6187481e-002 -2.1747115e-002 -5.5596335e-003  1.2644866e-002 -3.5426160e-003 -9.1022495e-003 -2.6853435e-002 -3.6050070e-002 -6.0484084e-002 -7.9882813e-002 -7.0134694e-002 -3.7257563e-002
 -5.3541170e-003 -5.5121889e-003 -1.5807179e-004  3.6221020e-003 -1.7320151e-003 -1.8900868e-003 -3.9503607e-003 -1.8358582e-002 -2.7805085e-002 -3.7400392e-002 -3.1318679e-002 -1.4866490e-002
  6.0157378e-003  1.1625757e-002  5.6100187e-003 -5.8804982e-003  1.3523968e-004  5.7452584e-003  1.7930007e-002  1.5610364e-002  1.5433853e-002  8.5204898e-003  3.6770782e-003  9.1083203e-003
  8.4216638e-003  5.1271509e-003 -3.2945130e-003 -4.5162716e-003  3.9053923e-003  6.1087931e-004  2.3935523e-002  3.0403541e-002  4.0910845e-002  5.0993521e-002  4.1512226e-002  1.8954255e-002
  1.2561522e-004  2.0071789e-003  1.8815637e-003 -7.1093138e-004 -5.8531613e-004  1.2962475e-003 -2.5968440e-002 -1.4457260e-002 -2.3281999e-003  1.1042816e-002  1.4480084e-002  1.8645010e-003
 -4.5024635e-003 -6.2421304e-003 -1.7396669e-003  3.5815313e-003 -9.2093220e-004 -2.6605991e-003 -3.1017094e-003 -2.3309638e-003 -9.9490310e-003 -2.3310183e-002 -2.3966520e-002 -9.3983737e-003
  5.6524600e-003  6.3991682e-003  7.4670828e-004 -4.0172094e-003  1.6352505e-003  2.3819588e-003  3.5478075e-002  1.4288513e-002  7.2677499e-003  9.3372996e-003  7.9345062e-003  5.7200485e-003
 -5.5139907e-004  3.3980463e-003  3.9494454e-003 -9.4888245e-004 -1.5002815e-003  2.4491639e-003 -2.6031999e-002 -9.1364762e-003  3.7300400e-003  1.5438612e-002  2.0263157e-002  9.6056787e-003
 -6.4140274e-003 -1.2349770e-002 -5.9357430e-003  6.2545992e-003 -1.5942815e-004 -6.0951711e-003 -4.9453870e-002 -1.5871777e-002 -3.0072839e-003 -6.8881206e-003 -1.3572851e-002 -1.4039677e-002
 -3.6072015e-003 -1.3879596e-002 -1.0272395e-002  5.8289327e-003  2.2217312e-003 -8.0506638e-003 -4.2690246e-002 -8.9326282e-003  3.5201461e-003 -9.1575018e-003 -1.6348743e-002 -1.8004784e-002
 -2.9161275e-004 -7.4121998e-003 -7.1205870e-003  2.5679375e-003  2.2763247e-003 -4.8442623e-003 -1.3574638e-002  1.0372118e-002  1.4710534e-002  4.2886255e-003 -1.3493924e-002 -2.3470708e-002
  4.6676415e-003  8.3423311e-003  3.6746897e-003 -4.3366575e-003  3.3098394e-004  4.0056736e-003  4.5148462e-003  1.7337881e-002  1.7681014e-002 -2.8220753e-004  1.7752543e-003 -2.1424956e-004
  7.3080881e-003  2.2856338e-002  1.5548250e-002 -1.0054809e-002 -2.7467207e-003  1.2801529e-002  2.2899870e-002  3.0520343e-002  2.4560715e-002 -3.2318024e-002  1.2333998e-002  7.2251040e-003
  5.7130755e-003  1.8158691e-002  1.2445616e-002 -7.9572556e-003 -2.2441801e-003  1.0201436e-002  2.3173896e-002  3.9755650e-002  3.2948992e-002 -3.0352691e-002  3.1958211e-002  1.8262985e-002
 -2.4695884e-004 -2.1721744e-003 -1.9252156e-003  8.0637777e-004  5.5941893e-004 -1.3657966e-003  6.3643416e-003  2.3100592e-002  1.7258819e-002 -1.3147839e-002  2.9551278e-002  1.5333110e-002
 -7.1297044e-003 -1.6393391e-002 -9.2636864e-003  7.8410318e-003  7.1132738e-004 -8.5523592e-003 -1.5503368e-002 -9.7702502e-003 -1.7982956e-002 -7.9077504e-003 -2.4391536e-003  1.2352850e-003
 -1.3971602e-002 -1.6757412e-002 -2.7858096e-003  1.0243005e-002 -3.7285975e-003 -6.5144072e-003 -3.2724208e-002 -3.5620832e-002 -5.0763810e-002 -3.6668815e-002 -4.9769777e-002 -1.8717365e-002
 -1.9390896e-002 -7.4138545e-003  1.1977041e-002  8.9349167e-003 -1.0455979e-002  1.5210622e-003 -4.3711023e-002 -4.2090724e-002 -6.6077061e-002 -9.3787565e-002 -8.3434070e-002 -4.0914484e-002
 -1.7611898e-002 -8.4937797e-003  9.1181180e-003  8.7018925e-003 -8.9100054e-003  2.0811279e-004 -2.9137580e-002 -1.8629530e-002 -5.1752349e-002 -1.0434573e-001 -8.4346636e-002 -4.7605269e-002
 -1.1005679e-002 -5.5221191e-004  1.0453468e-002  3.8526304e-003 -7.1530490e-003  3.3004185e-003 -1.3964430e-002  1.3016710e-003 -2.3506318e-002 -6.2711802e-002 -5.3192420e-002 -3.5342516e-002
 -3.6409045e-003  2.9754942e-003  6.6163987e-003  2.2180344e-004 -3.4191011e-003  3.1972976e-003  1.1927076e-003  8.8191975e-003  9.9319367e-003 -1.0405208e-002 -1.2667172e-002 -5.7365837e-004
  9.0797107e-003 -1.8361193e-003 -1.0915830e-002 -2.4145305e-003  6.6651802e-003 -4.2506497e-003  1.5236285e-002  1.3571718e-002  3.3309349e-002  5.9169379e-002  5.1172127e-002  3.3385567e-002
  7.2153438e-003  6.3894719e-003 -8.2587185e-004 -4.5349386e-003  2.6804052e-003  1.8545334e-003  6.6075862e-004 -1.2938652e-002 -6.9258792e-003  2.2393300e-002  1.8608459e-002  1.5718905e-003
 -8.0751938e-003 -1.9573235e-003  6.1178704e-003  3.3441724e-003 -4.7310214e-003  1.3868489e-003 -1.3561833e-002 -1.7056517e-003 -6.3730971e-003 -2.9353743e-002 -2.6129045e-002 -1.1996314e-002
  5.0381996e-003  2.5117885e-004 -4.7870208e-003 -1.7631261e-003  3.2750735e-003 -1.5119473e-003  1.8453981e-002  1.7015902e-002  1.7274872e-002  1.8307479e-002  1.7188807e-002  1.4002935e-002
  2.9977876e-003 -4.6928394e-003 -7.6906271e-003  5.6501723e-004  3.5628050e-003 -4.1278221e-003  4.4959367e-003 -1.2274816e-002 -1.1911558e-002  7.0064059e-003  6.1307534e-003 -1.4018907e-003
 -7.8205127e-003  1.4822424e-002  2.2642937e-002 -2.3339704e-003 -1.0154483e-002  1.2488454e-002 -5.4076139e-002 -3.2962111e-002 -1.5766269e-002 -8.0226347e-003 -1.3395849e-002 -2.0701700e-002
 -4.8581490e-003  2.5043022e-002  2.9901171e-002 -6.7282910e-003 -1.1586440e-002  1.8314731e-002 -4.7475848e-002 -2.0438512e-002 -4.6760678e-003 -8.3712862e-003 -1.4284765e-002 -1.0823084e-002
 -8.7066509e-004  2.1483224e-002  2.2353889e-002 -6.8708529e-003 -7.7415180e-003  1.4612371e-002 -4.3317086e-002 -1.9365663e-002  8.2838179e-003  2.6605888e-003 -2.4882740e-003 -1.5932488e-003
  9.4589031e-004  1.8556532e-002  1.7610642e-002 -6.5008075e-003 -5.5549173e-003  1.2055725e-002 -2.7095738e-002 -3.5066794e-003  2.1620943e-002  9.1148999e-003  3.7249788e-004 -2.4955315e-004
  3.1103729e-003  1.1585163e-002  8.4747904e-003 -4.8985121e-003 -1.7881392e-003  6.6866512e-003 -7.7562458e-004  1.6430783e-002  3.7673643e-002  1.4036679e-002  4.3383448e-003  2.9512005e-003
  1.1079904e-002  5.1242780e-003 -5.9556261e-003 -5.4013941e-003  5.6785101e-003 -2.7711604e-004  1.4416188e-002  6.8005179e-003  3.1818335e-002  1.2751771e-002 -8.3861642e-003  8.2732253e-003
  3.8063218e-003 -6.5095321e-003 -1.0315854e-002  9.0107011e-004  4.7073918e-003 -5.6084619e-003  1.0231663e-002 -9.3310909e-003 -9.4996327e-003  1.4161420e-003 -2.2805038e-002 -2.4123245e-003
  9.8962526e-004 -5.6086522e-003 -6.5982775e-003  1.5396756e-003  2.5293009e-003 -4.0689765e-003  4.0497374e-003 -1.0767032e-002 -2.2718760e-002  9.7759591e-003 -4.9925795e-003 -1.9515988e-003
  5.9234519e-004  3.3641357e-003  2.7717905e-003 -1.3188270e-003 -7.2648177e-004  2.0453087e-003  6.6200229e-003  1.4378587e-003 -1.3854981e-003  2.4827136e-002  2.8724311e-002  5.6556654e-003
 -2.6553994e-004  3.6242493e-003  3.8897892e-003 -1.1195698e-003 -1.3851097e-003  2.5046795e-003  8.0254241e-003  2.8127649e-003  1.2773718e-002  1.1704023e-002  3.6380368e-002  1.0378519e-002
 -1.0812284e-002 -6.4707403e-003  4.3415439e-003  5.7610082e-003 -5.0512760e-003 -7.0973214e-004  4.3909153e-003 -2.2525511e-002 -1.5241311e-002 -4.7970987e-002 -7.5079940e-003 -5.3364953e-003
 -2.2871273e-002 -2.4768582e-002 -1.8973094e-003  1.5879952e-002 -6.9913210e-003 -8.8886304e-003 -1.1618865e-002 -5.7385262e-002 -7.7424425e-002 -1.1176769e-001 -6.8725715e-002 -2.7758737e-002
 -2.9932590e-002 -2.7239245e-002  2.6933451e-003  1.9057278e-002 -1.0875311e-002 -8.1819663e-003 -2.1159141e-002 -6.3584351e-002 -1.0764127e-001 -1.1582499e-001 -8.1102166e-002 -3.5889520e-002
 -2.2538327e-002 -8.2572061e-003  1.4281122e-002  1.0265178e-002 -1.2273150e-002  2.0079719e-003 -5.5952562e-003 -3.9290840e-002 -5.3371182e-002 -6.3254203e-002 -4.7876185e-002 -2.3617959e-002
  3.7118892e-003  1.0539260e-002  6.8273702e-003 -4.7503829e-003 -1.0384938e-003  5.7888767e-003  1.3090522e-002  1.5107357e-002  2.3642676e-002  1.1019716e-002  3.4810747e-003  1.3247122e-003
  2.0018580e-002  1.3529483e-002 -6.4890962e-003 -1.1182688e-002  8.8358920e-003  2.3467956e-003  2.0910891e-003  3.6066500e-002  6.5986057e-002  7.3566535e-002  5.1460474e-002  1.9000506e-002
  2.6203569e-003 -1.9430796e-003 -4.5634364e-003 -2.2575911e-004  2.3945978e-003 -2.1688387e-003 -7.5330553e-003 -2.5473191e-003 -5.6140788e-003  7.9439385e-003  1.1426597e-002  8.4585536e-003
 -1.0250891e-002 -3.4836108e-003  6.7672802e-003  4.5781673e-003 -5.6727238e-003  1.0945565e-003  7.3480460e-003 -1.0464037e-002 -1.9097943e-002 -3.1449687e-002 -2.6487973e-002 -1.2461401e-002
  7.7075874e-003  8.3533950e-003  6.4580763e-004 -5.3536609e-003  2.3539266e-003  2.9997342e-003 -8.8686349e-003  6.9379882e-003  2.5451822e-002  2.2869114e-002  1.4139536e-002  7.1223702e-004
  3.5342400e-003 -1.7156188e-005 -3.5513961e-003 -1.1723613e-003  2.3618787e-003 -1.1895174e-003 -7.3592109e-003  1.5602474e-003  3.5116074e-004  1.0796885e-002  1.3063171e-002  1.0253415e-002
 -3.9619188e-003 -4.2105069e-003 -2.4858828e-004  2.7241419e-003 -1.2377768e-003 -1.4863651e-003  1.5758374e-002 -1.0390484e-003 -1.7578309e-002 -8.9584328e-003 -4.3487284e-003  4.7449281e-003
 -1.5103290e-002 -1.7949752e-002 -2.8464616e-003  1.1017681e-002 -4.0856096e-003 -6.9320712e-003  4.1777074e-002  9.5396100e-003 -1.5609461e-002 -8.5900702e-003 -4.6602821e-003  4.0823285e-003
 -3.4204399e-003 -1.7868534e-002 -1.4448094e-002  7.0963244e-003  3.6758846e-003 -1.0772209e-002  5.4640556e-002  2.1316960e-002 -1.6644127e-002 -1.1331734e-002 -7.4791367e-003  4.5958266e-003
 -5.6380348e-003 -1.7933226e-002 -1.2295191e-002  7.8570869e-003  2.2190522e-003 -1.0076139e-002  6.6163058e-002  3.7016815e-002 -2.4755087e-003 -5.4395755e-004  1.6520748e-003  5.9281497e-003
 -5.1746893e-003 -1.8065558e-002 -1.2890869e-002  7.7467493e-003  2.5720599e-003 -1.0318809e-002  7.3416260e-002  4.9427192e-002  1.4511708e-002  8.1747215e-003  2.9505412e-003  1.3375077e-003
  1.2738411e-002 -9.6707288e-003 -2.2409140e-002 -1.0225607e-003  1.1715850e-002 -1.0693290e-002  3.1420311e-002  4.1575904e-002  1.2030799e-002  1.0906174e-002  1.0072244e-002  1.2722425e-002
  1.6635674e-002 -1.7288896e-002 -3.3924570e-002  2.1774068e-004  1.6853415e-002 -1.7071156e-002 -2.3003425e-002  1.5372597e-002 -4.8380955e-003  8.1763706e-003  1.1268760e-002  1.4570472e-002
  1.5486313e-002 -1.1045090e-002 -2.6531402e-002 -1.4804075e-003  1.4005905e-002 -1.2525497e-002 -3.6283162e-002 -6.9068147e-003 -2.0222699e-002 -6.6349261e-003  3.9571952e-003  8.8444699e-003
  4.7340508e-003 -3.7526251e-003 -8.4866756e-003 -3.2714194e-004  4.4069089e-003 -4.0797668e-003 -2.9078708e-002 -2.7563729e-002 -3.1361584e-002 -1.1852105e-002 -1.8441811e-004  1.0140896e-002
 -4.9471011e-004  5.3010856e-003  5.7957957e-003 -1.6021252e-003 -2.0968353e-003  3.6989605e-003 -2.0730105e-002 -2.1196451e-002 -2.6427395e-002 -1.4841861e-002 -1.7234801e-003  7.5725530e-004
 -4.3156153e-003  3.1684386e-003  7.4840540e-003  3.8239221e-004 -3.9332231e-003  3.5508308e-003 -2.8597578e-002  1.2138646e-002  7.8322913e-004 -6.3840803e-003  1.5149277e-002  3.3959171e-003
 -7.4826065e-003 -9.2664728e-003 -1.7838663e-003  5.5830264e-003 -1.8995801e-003 -3.6834464e-003 -4.4747499e-002  1.3208816e-002  1.1436130e-002  1.2992523e-002  2.5476509e-002  7.5238699e-004
 -4.9068267e-003 -1.9316257e-002 -1.4409431e-002  8.0743614e-003  3.1675348e-003 -1.1241896e-002 -5.0606901e-002 -5.8186827e-003 -6.0689953e-004  1.5026548e-002  1.8573135e-002  5.7085305e-003
 -8.3951556e-004 -1.2568185e-002 -1.1728669e-002  4.4692335e-003  3.6297179e-003 -8.0989514e-003 -2.4513380e-002 -1.8748742e-002 -1.9444657e-002 -6.7435319e-003 -1.2250106e-002  6.6613083e-003
 -8.8562531e-004  2.2712688e-003  3.1568942e-003 -4.6188121e-004 -1.3475065e-003  1.8093877e-003  3.6653853e-002 -2.1465928e-003 -2.3379122e-002 -3.7571479e-002 -4.9851097e-002  4.3119873e-003
 -3.8901567e-003  1.3875333e-002  1.7765490e-002 -3.3283921e-003 -7.2185488e-003  1.0546941e-002  5.6964604e-002  2.4622904e-002 -1.9941633e-002 -6.7777116e-002 -6.4255545e-002 -1.4486039e-002
 -1.0029843e-002  9.9827283e-003  2.0012572e-002  1.5704998e-005 -1.0014138e-002  9.9984333e-003  6.2777539e-002  4.2057925e-002 -1.1978731e-003 -5.4762529e-002 -4.4928245e-002 -1.7088460e-002
 -1.0727733e-002 -6.7954646e-003  3.9322682e-003  5.8410658e-003 -4.8866670e-003 -9.5439882e-004  6.3589702e-002  2.4226962e-002 -1.7361632e-003 -3.4697537e-002 -3.1611780e-002 -1.5454635e-002
 -4.8687595e-003 -5.0100842e-003 -1.4132446e-004  3.2929479e-003 -1.5758117e-003 -1.7171362e-003 -1.9557930e-002 -1.8019261e-002 -6.7455974e-003 -9.2069522e-003 -2.2187413e-003  1.6823493e-003
  7.8219416e-003  3.8500308e-003 -3.9719109e-003 -3.8906574e-003  3.9312842e-003 -4.0626723e-005 -4.8603950e-002 -1.4649496e-002  1.5245908e-002  3.5066524e-002  2.3149730e-002  6.7231482e-003
  2.5158955e-003 -6.4578961e-004 -3.1616851e-003 -6.2336863e-004  1.8925269e-003 -1.2691582e-003  4.3662710e-003  5.7683720e-003 -1.5161377e-004  6.3130404e-003  6.1509321e-003  1.0810824e-003
 -5.3040705e-003 -3.5925597e-003  1.7115109e-003  2.9655434e-003 -2.3385272e-003 -6.2701626e-004  2.3815271e-002  1.0265177e-002 -7.1459596e-003 -3.0057115e-002 -2.0197706e-002 -5.9251600e-003
 -5.7891017e-004  3.5008815e-003  4.0797916e-003 -9.7399047e-004 -1.5529006e-003  2.5268911e-003 -1.3820173e-002 -4.7540315e-003  1.2286253e-002  1.0932066e-002  1.9409009e-003 -1.5415138e-003
  1.0052465e-003  4.1344816e-003  3.1292351e-003 -1.7132427e-003 -7.0799618e-004  2.4212389e-003 -2.8181934e-002 -1.7984389e-002 -3.9616759e-003  1.0113626e-002  7.4482074e-003  2.2023154e-003
 -2.2919758e-003 -1.0918682e-002 -8.6267062e-003  4.4035526e-003  2.1115768e-003 -6.5151294e-003  4.7042046e-003  1.9588048e-003 -1.0372781e-002 -1.1974568e-002 -3.5553221e-003 -1.4962769e-003
  8.9824784e-003 -2.8370448e-005 -9.0108488e-003 -2.9847026e-003  5.9977757e-003 -3.0130731e-003  3.4480827e-002  3.7062795e-002  1.6516535e-002  6.1083516e-004  4.9998253e-003  9.6166924e-003
  7.6645956e-003  9.4499285e-003  1.7853328e-003 -5.7048413e-003  1.9597543e-003  3.7450871e-003  7.2002458e-002  5.5777894e-002  2.3185324e-002  8.7463273e-004 -1.9131797e-003 -4.1005431e-003
 -1.5657028e-002 -1.8219440e-002 -2.5624120e-003  1.1292156e-002 -4.3648719e-003 -6.9272840e-003  5.0229655e-002  8.3120516e-003 -2.3706738e-002 -4.5478783e-002 -3.4974530e-002 -2.6120165e-002
 -2.1286558e-002 -1.0428281e-002  1.0858276e-002  1.0571613e-002 -1.0714944e-002  1.4333173e-004 -3.3692071e-002 -4.5057845e-002 -4.6326744e-002 -6.4759588e-002 -4.3015485e-002 -2.6425700e-002
 -1.1675395e-002 -8.2347914e-003  3.4406037e-003  6.6367289e-003 -5.0386663e-003 -1.5980626e-003 -5.8339182e-002 -3.8912812e-002 -2.5188369e-002 -4.5106873e-002 -2.9005615e-002 -1.2214750e-002
 -1.9982634e-003 -2.5007587e-003 -5.0249543e-004  1.4996740e-003 -4.9858931e-004 -1.0010847e-003 -5.3654836e-002 -1.6898474e-002  6.1779417e-003 -2.3952755e-002 -2.0410107e-002 -8.5177524e-003
 -1.9941128e-003 -4.8498861e-003 -2.8557733e-003  2.2813329e-003  2.8722019e-004 -2.5685532e-003 -3.2036765e-002  7.8555355e-003  2.6678305e-002 -4.8539491e-003 -1.2415891e-002 -5.9389287e-003
 -2.1735684e-004  1.0646266e-002  1.0863623e-002 -3.4763030e-003 -3.6936599e-003  7.1699630e-003 -8.2049519e-003  2.6934701e-002  5.1218013e-002  1.2145476e-002 -2.8323562e-003 -3.2450791e-003
  1.6049544e-003  1.6761610e-002  1.5156655e-002 -6.1221880e-003 -4.5172337e-003  1.0639422e-002  1.6186416e-003  3.9438345e-002  3.5910661e-002  3.0938362e-002  1.0987699e-002  4.8551868e-003
 -2.4445910e-003  7.6488898e-003  1.0093481e-002 -1.7347663e-003 -4.1793572e-003  5.9141235e-003 -2.0274195e-002  8.1587077e-003 -2.6307763e-002  3.0062321e-002  1.1264457e-002  1.5160154e-002
 -6.5225198e-004  2.7899467e-003  3.4421986e-003 -7.1256488e-004 -1.3648169e-003  2.0773818e-003 -1.1581853e-002 -2.2526445e-002 -4.2426787e-002 -1.7142081e-002 -1.6408242e-002  4.8076066e-003
  1.6844847e-003 -8.4735463e-004 -2.5318393e-003 -2.7904338e-004  1.4054414e-003 -1.1263980e-003  1.3001387e-002 -1.8782069e-002 -1.1087672e-002 -3.5905629e-002 -2.5318447e-002 -5.9224216e-003
  3.9356776e-003  5.3884303e-003  1.4527526e-003 -3.1080360e-003  8.2764165e-004  2.2803944e-003  1.9777818e-002  6.7936897e-003  3.8392148e-002 -1.6185429e-002 -8.2285897e-003 -8.3775600e-003
  1.5248282e-003  1.1258123e-002  9.7332946e-003 -4.2609838e-003 -2.7361555e-003  6.9971392e-003 -1.3661010e-002  2.2366766e-002  4.8270201e-002  1.3645966e-002  1.4020323e-002 -4.5875171e-004
 -3.9878847e-003  9.3954683e-003  1.3383353e-002 -1.8025278e-003 -5.7904125e-003  7.5929403e-003 -6.1664962e-002  4.0616310e-003 -2.8783369e-004  4.4003961e-004  5.5481557e-003  1.8031908e-003
 -1.3042832e-002 -5.5434611e-003  7.4993713e-003  6.1954311e-003 -6.8474012e-003  6.5197010e-004 -8.1891965e-002 -3.3663434e-002 -6.6593166e-002 -5.4766894e-002 -3.5503851e-002 -1.1299802e-002
 -1.5599843e-002 -2.0743882e-002 -5.1440387e-003  1.2114575e-002 -3.4852682e-003 -8.6293069e-003 -5.6406052e-002 -7.2401748e-002 -1.1953803e-001 -1.0996893e-001 -6.9295983e-002 -3.0466385e-002
 -1.6383432e-002 -2.2716498e-002 -6.3330656e-003  1.3033310e-002 -3.3501222e-003 -9.6831878e-003 -2.3721566e-002 -5.6191268e-002 -9.7575236e-002 -9.3575886e-002 -6.2680543e-002 -3.4799191e-002
 -5.0022210e-003 -1.0058028e-002 -5.0558070e-003  5.0200831e-003  1.7861978e-005 -5.0379450e-003  3.5170285e-003 -2.7730431e-003 -8.0214629e-003 -2.0689452e-002 -1.8594133e-002 -9.8997454e-003
  1.1776027e-002  1.5968365e-002  4.1923380e-003 -9.2481306e-003  2.5278964e-003  6.7202344e-003  2.7383279e-002  5.0298207e-002  7.6136611e-002  6.8111715e-002  4.1823851e-002  2.0941040e-002
  8.9856614e-003  1.7460114e-002  8.4744528e-003 -8.8152585e-003  1.7040289e-004  8.6448557e-003 -7.2732395e-004  1.5387594e-002  4.0618589e-002  5.2838372e-002  4.1545734e-002  2.2304135e-002
 -6.5462708e-003 -9.6678310e-003 -3.1215603e-003  5.4047005e-003 -1.1415702e-003 -4.2631305e-003 -1.3171555e-002 -1.8793952e-002 -3.2649260e-002 -3.9604702e-002 -2.8889855e-002 -1.4874737e-002
  2.1893463e-003 -1.1660299e-003 -3.3553763e-003 -3.4110545e-004  1.8482409e-003 -1.5071354e-003  2.4536728e-002  1.5527067e-002  1.2520513e-002  1.5261107e-002  8.8918254e-003  3.6375826e-003
  3.7690913e-003  1.5046507e-002  1.1277415e-002 -6.2718661e-003 -2.5027747e-003  8.7746408e-003 -2.7334430e-002 -4.9933043e-003  1.7390506e-002  1.9887602e-002  1.7644380e-002  9.9540539e-003
 -1.4325283e-003  6.2069554e-003  7.6394837e-003 -1.5914756e-003 -3.0240040e-003  4.6154796e-003 -5.3906928e-002 -2.1095257e-002 -2.5702556e-003 -1.0967931e-002 -3.5465542e-003  2.1189792e-003
  8.7798570e-004  3.8538521e-003  2.9758664e-003 -1.5772793e-003 -6.9929360e-004  2.2765729e-003 -4.1807720e-002 -9.8822523e-003 -3.8982578e-003 -1.3307930e-002 -7.4439833e-003 -1.8883487e-003
 -2.2220267e-003  8.8034454e-003  1.1025472e-002 -2.1938062e-003 -4.4158329e-003  6.6096392e-003 -2.2479146e-002  5.0124534e-004  7.5489425e-003 -9.9394322e-004 -7.6985464e-003 -4.1422575e-003
 -3.3320728e-004  7.3692739e-003  7.7024813e-003 -2.3453555e-003 -2.6785628e-003  5.0239183e-003  3.2453649e-003  1.5874174e-002  1.5575444e-002 -6.4107038e-003 -9.9106654e-003 -8.5474264e-003
 -7.5113594e-003 -2.1025041e-002 -1.3513682e-002  9.5121335e-003  2.0007741e-003 -1.1512908e-002  3.9312481e-002  3.5090396e-002  4.8919071e-003 -3.8021357e-002 -3.7427295e-002 -2.2024993e-002
 -7.5717055e-003 -2.0155469e-002 -1.2583764e-002  9.2423915e-003  1.6706861e-003 -1.0913078e-002  7.5721211e-002  6.6004443e-002  3.6250480e-002  1.0661531e-002 -2.9464240e-002 -1.3517202e-002
 -3.1281954e-003 -1.0409240e-002 -7.2810442e-003  4.5124784e-003  1.3842829e-003 -5.8967612e-003  8.9639022e-002  6.7469894e-002  3.3621315e-002  5.0983056e-002 -6.4419253e-003 -2.3151840e-003
  4.7034010e-004 -5.8911673e-003 -6.3615074e-003  1.8069424e-003  2.2772825e-003 -4.0842249e-003  7.0853535e-002  3.0419911e-002 -1.0484312e-002  4.1313194e-002  6.9257270e-003 -4.6429808e-004
 -1.0984275e-003 -1.7981606e-002 -1.6883178e-002  6.3600110e-003  5.2615835e-003 -1.1621594e-002  3.7579765e-002 -1.5957987e-002 -7.3237928e-002 -2.3266143e-002 -6.5621753e-003 -1.5317306e-002
 -8.8059184e-003 -3.3362083e-002 -2.4556164e-002  1.4056001e-002  5.2500820e-003 -1.9306082e-002 -7.2176746e-003 -4.4203609e-002 -1.0572664e-001 -9.6480454e-002 -4.9210702e-002 -3.6425092e-002
 -1.9322459e-002 -4.0441207e-002 -2.1118748e-002  1.9921222e-002  5.9876283e-004 -2.0519985e-002 -3.3383278e-002 -2.4582578e-002 -7.9181028e-002 -1.1931666e-001 -9.2368890e-002 -5.0747907e-002
 -1.6757236e-002 -2.5631879e-002 -8.8746430e-003  1.4129705e-002 -2.6275309e-003 -1.1502174e-002  2.4518102e-003  5.1908917e-003 -4.4363800e-002 -7.9608045e-002 -6.3604833e-002 -3.3866767e-002
 -1.1012758e-002  4.8311014e-004  1.1495867e-002  3.5098826e-003 -7.5028750e-003  3.9929926e-003  1.4950848e-002  1.3219902e-002 -5.8099590e-003 -2.7749711e-002 -2.4130485e-002 -1.4585062e-002
  6.9332060e-003  2.0527870e-002  1.3594664e-002 -9.1536919e-003 -2.2204861e-003  1.1374178e-002  1.4111176e-003  4.0687576e-003  4.0269728e-002  5.5737371e-002  4.1671313e-002  2.2255973e-002
  1.5156946e-002  1.3406925e-002 -1.7500204e-003 -9.5212902e-003  5.6356553e-003  3.8856348e-003 -1.7050214e-002 -1.4928898e-002  1.5579486e-002  4.6447838e-002  4.2326241e-002  2.5129457e-002
 -6.9808695e-003 -1.1109311e-002 -4.1284410e-003  6.0300600e-003 -9.5080948e-004 -5.0792505e-003  1.5634844e-003  2.2564513e-003 -2.0418133e-002 -3.8028633e-002 -3.2071564e-002 -1.8176533e-002
 -5.2802168e-003  8.3203814e-003  1.3600598e-002 -1.0133881e-003 -6.2936050e-003  7.3069931e-003  4.7933937e-003  6.9077365e-003  1.7091085e-002  1.2110623e-002  8.2106255e-003  4.2098908e-003
  9.3798569e-003  1.6215078e-002  6.8352209e-003 -8.5316449e-003  8.4821195e-004  7.6834331e-003 -1.1912169e-002 -9.0852744e-003  9.9960291e-003  2.8201714e-002  2.7286270e-002  1.5838711e-002
  7.9668082e-003 -1.4599563e-002 -2.2566371e-002  2.2109182e-003  1.0177727e-002 -1.2388645e-002 -1.4711317e-002 -1.6130896e-002 -2.0119875e-002 -1.1804625e-002 -9.5080420e-003 -3.2699128e-003
  7.6131382e-003 -2.5845103e-002 -3.3458242e-002  6.0773217e-003  1.3690460e-002 -1.9767781e-002  5.1157751e-004 -2.3411502e-003 -2.1139056e-002 -1.6783242e-002 -1.7496194e-002 -1.2269901e-002
  2.9334404e-003 -3.5699060e-002 -3.8632500e-002  1.0921873e-002  1.3855313e-002 -2.4777187e-002  2.1514678e-002  1.6224518e-002 -1.2614080e-002 -1.5570122e-002 -1.8282985e-002 -1.1508272e-002
  8.0904499e-003 -2.7014001e-002 -3.5104450e-002  6.3078502e-003  1.4398300e-002 -2.0706151e-002  4.1503922e-002  3.4593939e-002 -1.8411859e-003 -9.5511894e-003 -1.7125554e-002 -1.3545468e-002
  2.0850357e-003 -2.7245753e-002 -2.9330789e-002  8.3869058e-003  1.0471941e-002 -1.8858847e-002  6.8530159e-002  5.2963037e-002  3.5605014e-003 -7.7931071e-003 -1.8066099e-002 -1.8236771e-002
 -1.3911189e-003 -2.6859554e-002 -2.5468435e-002  9.4168910e-003  8.0257719e-003 -1.7442663e-002  9.1528581e-002  6.8602084e-002  1.9539112e-002  5.0086466e-003 -2.4644782e-003 -5.1568064e-003
 -8.4505211e-003 -3.2452467e-002 -2.4001946e-002  1.3634330e-002  5.1838083e-003 -1.8818138e-002  1.1562079e-001  5.7703373e-002  1.9050911e-003 -5.6304161e-003 -1.1622720e-002 -1.1553846e-002
 -1.2441904e-002 -3.2806814e-002 -2.0364910e-002  1.5082906e-002  2.6410020e-003 -1.7723908e-002  3.3954882e-002 -1.3636857e-002 -3.8544549e-002 -2.7033234e-002 -2.0383571e-002 -1.1485110e-002
 -4.8019742e-003 -8.3645750e-003 -3.5626009e-003  4.3888497e-003 -4.1312445e-004 -3.9757254e-003 -2.3082419e-002 -3.3290043e-002 -4.6090723e-002 -2.5722003e-002 -1.3234184e-002 -4.3235722e-003
 -5.1408274e-003  5.1738707e-003  1.0314698e-002 -1.1014467e-005 -5.1518419e-003  5.1628564e-003 -1.4483528e-002 -2.4293321e-003 -4.2672811e-002  9.9199776e-004 -1.0105904e-002 -1.2912057e-002
  4.1894703e-003  1.0270929e-002  6.0814589e-003 -4.8201331e-003 -6.3066285e-004  5.4507959e-003 -1.0944005e-002  1.3690182e-002 -1.7060359e-002  4.6487730e-002  1.5289086e-002 -5.0540561e-003
  4.7418280e-003 -6.3005205e-004 -5.3718801e-003 -1.3705920e-003  3.3712360e-003 -2.0006440e-003  8.6889889e-003  1.6646180e-002  2.2695238e-003  5.9333818e-002  2.2023432e-002  1.6806482e-003
 -8.6561491e-004 -1.3008731e-002 -1.2143116e-002  4.6247820e-003  3.7591672e-003 -8.3839492e-003  2.1658653e-002  4.1061906e-003 -1.6753439e-003  2.4135429e-002  1.7039237e-003  2.0437743e-003
 -7.1752110e-003 -1.8308050e-002 -1.1132839e-002  8.4944203e-003  1.3192092e-003 -9.8136296e-003  3.5073507e-002 -4.3606341e-003 -2.3819440e-002 -3.7834879e-002 -3.8545061e-002 -1.1098482e-002
 -8.6055765e-003 -1.6380489e-002 -7.7749127e-003  8.3286885e-003 -2.7688796e-004 -8.0518007e-003  5.4961066e-002  1.7039467e-002 -4.8847901e-002 -7.9421592e-002 -5.8049369e-002 -2.6402774e-002
 -7.8071050e-003 -1.5213062e-002 -7.4059574e-003  7.6733890e-003 -1.3371587e-004 -7.5396732e-003  6.6728483e-002  4.1878643e-002 -3.5464925e-002 -6.7266813e-002 -5.5705013e-002 -3.7923879e-002
 -3.3264434e-003 -4.9982669e-003 -1.6718236e-003  2.7749034e-003 -5.5153992e-004 -2.2233635e-003  2.4726353e-002  2.4920183e-002 -2.3163117e-002 -3.8795040e-002 -3.2253799e-002 -2.1933076e-002
 -2.0765086e-003 -8.8946086e-003 -6.8181000e-003  3.6570391e-003  1.5805305e-003 -5.2375696e-003 -9.9122809e-003  6.7819493e-003 -1.0365950e-002 -1.6616702e-002 -9.1456729e-003 -4.8725818e-003
  6.0136722e-004  2.5248416e-003  1.9234745e-003 -1.0420696e-003 -4.4070240e-004  1.4827720e-003 -3.7691715e-002 -1.0705685e-002  3.0262492e-002  2.3710734e-002  1.1500557e-002  6.0356643e-003
  2.4313405e-004  1.2568424e-002  1.2325290e-002 -4.2705193e-003 -4.0273853e-003  8.2979047e-003 -2.9239365e-002 -1.5803316e-002  3.5206253e-002  3.9828284e-002  2.6155221e-002  1.3171512e-002
  1.5305476e-003 -5.1622569e-003 -6.6928045e-003  1.2105698e-003  2.7411174e-003 -3.9516872e-003  8.8246193e-003  3.1149672e-003 -1.9226672e-002 -1.9336825e-002 -1.1858859e-002 -7.5209929e-003
 -4.7260107e-003 -5.4990509e-003 -7.7304024e-004  3.4083539e-003 -1.3176568e-003 -2.0906970e-003 -1.0287316e-004  1.3604773e-002  8.9109064e-004 -1.6071861e-002 -1.6389226e-002 -9.9764193e-003
 -9.2352110e-004  6.4208141e-003  7.3443353e-003 -1.8324310e-003 -2.7559521e-003  4.5883831e-003 -2.0244026e-002 -4.0805425e-003  2.7729283e-002  2.0291209e-002  1.1436330e-002  4.3679740e-003
  1.6319877e-003  1.3565735e-003 -2.7541425e-004 -9.9618706e-004  6.3580064e-004  3.6038641e-004  2.9876387e-003 -4.3102717e-003 -4.3466129e-003  5.9487481e-004  2.2665331e-003  3.0602776e-004
 -5.5465186e-004 -9.1914017e-003 -8.6367499e-003  3.2486846e-003  2.6940327e-003 -5.9427173e-003 -6.6001559e-003 -1.2881888e-002 -3.5070724e-002 -2.1512656e-002 -1.3472146e-002 -6.6269433e-003
  1.5459377e-002 -5.9915355e-003 -2.1450912e-002 -3.1559471e-003  1.2303430e-002 -9.1474826e-003 -3.1048318e-003 -5.1039236e-003 -3.5841275e-002 -1.2011292e-002 -2.0526315e-003  3.4092260e-004
  2.2506078e-002 -6.2806559e-003 -2.8786734e-002 -5.4084741e-003  1.7097604e-002 -1.1689130e-002  7.4204744e-003  5.3824930e-003 -2.9716773e-002 -3.3391700e-003  9.7361227e-003  1.4877795e-002
  1.1367133e-002 -3.8185922e-003 -1.5185726e-002 -2.5161804e-003  8.8509530e-003 -6.3347725e-003  2.8573075e-002  3.6185814e-003 -2.8324161e-002 -7.5040155e-003  5.3388762e-003  7.5130569e-003
  1.7416953e-003  4.4800579e-003  2.7383626e-003 -2.0739177e-003 -3.3222244e-004  2.4061401e-003  5.0156392e-002  2.6840593e-004 -1.2798789e-002  3.6292661e-003  1.4404171e-002  2.0265937e-002
  7.8159388e-003  1.6338639e-002  8.5227001e-003 -8.0515258e-003 -2.3558714e-004  8.2871131e-003  5.9621168e-002  8.2071026e-003  8.6389497e-003  2.1462309e-002  2.4253856e-002  2.5955388e-002
 -3.0728474e-004  1.9858785e-002  2.0166070e-002 -6.5171669e-003 -6.8244517e-003  1.3341619e-002  6.9845480e-002  1.8876996e-002  2.1122387e-002  3.3436833e-002  2.8605519e-002  2.3202032e-002
  1.6459501e-003  2.4001455e-002  2.2355505e-002 -8.5491350e-003 -6.9031850e-003  1.5452320e-002  6.7776846e-002  1.9650925e-002  2.3988910e-002  3.9397897e-002  3.2457618e-002  2.3889631e-002
 -1.4308561e-003  2.1552709e-002  2.2983565e-002 -6.7072843e-003 -8.1381405e-003  1.4845425e-002  6.5891402e-002  1.1302765e-002  9.0299510e-003  3.3037121e-002  2.8274179e-002  1.8922191e-002
 -3.1124865e-003 -1.2791937e-003  1.8332926e-003  1.4638934e-003 -1.6485931e-003  1.8469966e-004  3.2445503e-002 -7.9513320e-003 -1.6220245e-002  1.2621716e-002  1.3324746e-002  5.9637260e-003
  7.0308822e-004 -2.3219757e-002 -2.3922845e-002  7.5055562e-003  8.2086446e-003 -1.5714201e-002 -4.1131702e-002 -6.2995448e-002 -6.5158665e-002 -1.5908042e-002 -6.9411516e-004 -4.2717632e-004
 -2.3284119e-004 -2.1106577e-002 -2.0873736e-002  7.1131393e-003  6.8802982e-003 -1.3993437e-002 -4.8738477e-002 -4.7653223e-002 -5.1964323e-002 -2.5284481e-002 -5.1595097e-003  2.3213643e-004
 -2.6733819e-003 -1.2138112e-002 -9.4647303e-003  4.9371648e-003  2.2637828e-003 -7.2009476e-003 -3.1167966e-002 -3.4964420e-003 -1.0099730e-002 -1.2859149e-002 -4.0758364e-003  7.5323596e-003
 -5.6184550e-003  8.5040392e-004  6.4688588e-003  1.5893504e-003 -4.0291046e-003  2.4397543e-003 -1.1513751e-002 -6.2534534e-003  6.0282929e-003  6.4981675e-003  2.6659759e-003  2.1997392e-002
  1.4702960e-003  1.2970846e-002  1.1500550e-002 -4.8137140e-003 -3.3434180e-003  8.1571320e-003  1.2348298e-003 -1.8060668e-002  9.8571685e-003  1.9157491e-002  8.8466671e-003  3.3965756e-002
  1.1571607e-002  2.0194794e-002  8.6231873e-003 -1.0588801e-002  9.8280667e-004  9.6059939e-003  1.7508221e-002 -2.1581557e-002 -8.5506505e-003  6.3246095e-003  1.1647495e-003  3.1220299e-002
  1.6452629e-002  2.6543593e-002  1.0090963e-002 -1.4332074e-002  2.1205554e-003  1.2211519e-002  4.2508879e-002  2.7915449e-003 -3.0858968e-002 -2.8113791e-002 -1.7406753e-002  1.7562320e-002
  1.7378117e-003  2.2654819e-002  2.0917007e-002 -8.1308768e-003 -6.3930652e-003  1.4523942e-002  6.6223191e-002  4.1694628e-002 -2.0830328e-002 -4.6726723e-002 -2.6592477e-002 -1.9742564e-003
 -8.5678882e-003  1.4960515e-002  2.3528403e-002 -2.1308756e-003 -1.0698764e-002  1.2829639e-002  7.2093745e-002  4.5327615e-002 -1.2939398e-002 -3.9301127e-002 -2.9552036e-002 -1.4028822e-002
 -1.4752089e-002 -5.2107407e-003  9.5413481e-003  6.6542765e-003 -8.0978123e-003  1.4435359e-003  6.9812039e-002  1.9966473e-002 -2.8824217e-002 -3.9398940e-002 -2.8565874e-002 -1.0875422e-002
 -6.4177727e-003 -1.5178909e-002 -8.7611357e-003  7.1988937e-003  7.8112099e-004 -7.9800148e-003 -1.1900612e-002 -2.1002493e-002 -1.8108938e-002 -1.7599081e-002 -1.2314134e-002 -5.5618756e-003
  9.2746119e-003  3.9019265e-003 -5.3726854e-003 -4.3921795e-003  4.8824325e-003 -4.9025291e-004 -5.5545810e-002 -1.7144830e-002  3.0014098e-002  3.9131056e-002  2.4921698e-002  9.3201190e-003
  5.4523163e-003  1.8982663e-003 -3.5540498e-003 -2.4501942e-003  3.0021220e-003 -5.5192785e-004 -7.7108896e-003 -2.1457470e-004  1.3317296e-002  2.4366551e-002  1.8823193e-002  6.5839650e-003
 -3.6131385e-003 -2.8386813e-003  7.7445718e-004  2.1506066e-003 -1.4625319e-003 -6.8807469e-004  3.0406321e-002  9.1544510e-003 -2.1035983e-002 -3.1514274e-002 -2.2526343e-002 -1.1559559e-002
 -4.3598992e-003  1.1429737e-003  5.5028728e-003  1.0723085e-003 -3.2875907e-003  2.2152821e-003 -8.3893769e-003 -4.1723094e-003  7.2415341e-003  5.9508491e-003  3.4662448e-003  5.6430385e-003
  4.0455427e-003  5.7049380e-003  1.6593952e-003 -3.2501602e-003  7.9538247e-004  2.4547778e-003 -2.3549037e-002 -6.3406036e-003  1.2066894e-002  2.0136529e-002  1.4963842e-002  5.8170539e-003
  6.8510614e-003 -8.3618468e-003 -1.5212908e-002  5.0359515e-004  7.3546566e-003 -7.8582517e-003  1.8678894e-002  1.0133164e-002 -1.0506796e-002 -1.3561829e-002 -1.0041921e-002 -1.1510563e-002
 -1.1380815e-003 -8.3029015e-003 -7.1648201e-003  3.1469944e-003  2.0089129e-003 -5.1559073e-003  4.4217431e-002  1.2769045e-002 -1.8979720e-002 -2.4313615e-002 -1.6316015e-002 -8.1768226e-003
 -1.3429441e-002 -1.2468735e-002  9.6070658e-004  8.6327252e-003 -4.7967159e-003 -3.8360093e-003  7.1674034e-002 -7.5090025e-004 -3.4315347e-002 -3.8977320e-002 -2.9992595e-002 -1.8407459e-002
 -1.6106096e-002 -4.4579073e-003  1.1648189e-002  6.8546679e-003 -9.2514285e-003  2.3967606e-003  3.1523694e-002 -2.4115918e-002 -3.2887803e-002 -3.2616186e-002 -2.1850646e-002 -1.6398822e-002
 -1.3476212e-003  5.4565405e-003  6.8041618e-003 -1.3696398e-003 -2.7172610e-003  4.0869008e-003 -6.9699735e-003 -4.4445275e-003 -5.9986217e-003 -9.4350136e-003 -5.5150393e-003 -3.5511879e-003
  1.8536915e-003  9.4497549e-003  7.5960635e-003 -3.7678156e-003 -1.9141240e-003  5.6819396e-003  1.4110287e-002  2.7259711e-002  2.9900447e-002  1.1025268e-002  3.4624950e-003  1.1962095e-004
  2.6395594e-003  9.9725430e-004 -1.6423051e-003 -1.2122712e-003  1.4272882e-003 -2.1501695e-004  1.6073094e-002  2.1926786e-002  9.3816507e-003 -9.5592155e-003 -9.9701119e-003  4.2887242e-003
 -8.7336590e-003 -2.1404712e-002 -1.2671054e-002  1.0046124e-002  1.3124649e-003 -1.1358589e-002  2.7468202e-002 -2.9875237e-003 -5.0131338e-002 -5.3371395e-002 -3.8051240e-002 -1.4759716e-002
 -1.3085731e-002 -1.8677965e-002 -5.5922339e-003  1.0587899e-002 -2.4978324e-003 -8.0900662e-003  2.7875566e-002 -1.2266728e-002 -6.5554794e-002 -5.1852133e-002 -3.4391954e-002 -2.4462236e-002
  1.6805030e-003  7.5906987e-003  5.9101955e-003 -3.0904005e-003 -1.4098975e-003  4.5002980e-003  2.1093562e-002  5.5797635e-003 -2.8403912e-002 -7.3058291e-003 -1.4615305e-003 -6.6245994e-003
  1.8963672e-002  3.5183134e-002  1.6219462e-002 -1.8048936e-002  9.1473685e-004  1.7134199e-002  2.7006042e-002  3.5174895e-002  3.2293303e-002  3.6251993e-002  2.7392380e-002  2.1992185e-002
  1.7453308e-002  3.0954434e-002  1.3501126e-002 -1.6135914e-002  1.3173939e-003  1.4818520e-002  2.8020313e-002  2.7223216e-002  3.3572695e-002  1.5915674e-002  9.0962357e-003  2.6570397e-002
 -7.8463473e-003 -3.8005986e-003  4.0457486e-003  3.8823152e-003 -3.9640319e-003  8.1716664e-005  1.6825120e-002 -2.0687363e-002 -2.7952537e-002 -6.3123400e-002 -4.8521650e-002  2.0645434e-003
 -2.9405145e-002 -3.8877951e-002 -9.4728054e-003  2.2761031e-002 -6.6441130e-003 -1.6116919e-002 -2.8968348e-002 -7.1186539e-002 -1.1692158e-001 -1.2752533e-001 -9.2391527e-002 -4.2034446e-002
 -2.4191455e-002 -3.5446473e-002 -1.1255018e-002  1.9879309e-002 -4.3121458e-003 -1.5567164e-002 -3.4281578e-002 -5.7486171e-002 -1.0811796e-001 -1.0420533e-001 -6.9458988e-002 -4.0905016e-002
 -1.1362435e-002 -1.2228320e-002 -8.6588473e-004  7.8635851e-003 -3.4988501e-003 -4.3647348e-003  7.6164777e-003  3.7950508e-005 -1.9087123e-002 -3.5289198e-002 -2.1817090e-002 -8.6810569e-003
  1.0099342e-002  2.0892116e-002  1.0792774e-002 -1.0330486e-002 -2.3114395e-004  1.0561630e-002  1.9652559e-002  3.9353679e-002  6.7997445e-002  6.0550043e-002  3.6113502e-002  1.6829389e-002
  2.0863290e-002  2.2805601e-002  1.9423103e-003 -1.4556297e-002  6.3069935e-003  8.2493037e-003  4.2287967e-003  1.5116550e-002  4.9630261e-002  6.8141627e-002  5.0370757e-002  2.9316795e-002
 -5.5669741e-003 -1.1950339e-002 -6.3833647e-003  5.8391044e-003  2.7213020e-004 -6.1112346e-003 -4.8420328e-003 -1.2308227e-002 -3.2420033e-002 -3.5984655e-002 -2.4708109e-002 -1.3229127e-002
 -1.0673173e-002 -2.4911159e-003  8.1820568e-003  4.3880963e-003 -6.2850766e-003  1.8969802e-003  1.4117064e-003  1.2519848e-003  2.1908005e-003 -6.1545944e-003 -6.5887626e-003 -5.1774996e-003
  1.7450352e-002  1.3059103e-002 -4.3912491e-003 -1.0169819e-002  7.2805338e-003  2.8892848e-003 -8.3869029e-004  9.4174088e-003  2.3789185e-002  3.5694934e-002  2.8788880e-002  1.7345611e-002
  6.9389730e-003 -1.9400425e-003 -8.8790155e-003 -1.6663101e-003  5.2726628e-003 -3.6063526e-003  9.2692336e-003 -1.2359129e-003 -6.0409806e-003 -8.4781931e-004 -2.9122257e-003 -2.4677189e-004
  3.1540201e-003 -1.4840191e-003 -4.6380393e-003 -5.5666706e-004  2.5973532e-003 -2.0406861e-003  4.7354481e-004 -6.8824825e-003 -1.0424997e-002 -8.2320360e-003 -5.9831254e-003 -1.8343339e-003
 -5.8802437e-003 -1.6114913e-002 -1.0234669e-002  7.3317190e-003  1.4514751e-003 -8.7831940e-003 -2.1757176e-002 -1.1393370e-002 -4.9705794e-002 -4.1167858e-002 -2.6363646e-002 -1.0301018e-002
 -1.6964302e-002 -2.0214168e-002 -3.2498661e-003  1.2392823e-002 -4.5714785e-003 -7.8213447e-003 -1.7552351e-002  1.7030437e-003 -5.0005565e-002 -3.1111968e-002 -2.1538908e-002 -1.3644587e-002
 -1.0628093e-002 -6.7840497e-003  3.8440432e-003  5.8040474e-003 -4.8240453e-003 -9.8000218e-004  5.4091533e-003  2.2133896e-002 -3.5301241e-003  1.9496163e-002  1.4171082e-002 -1.1811170e-003
  3.1951216e-003  7.5995915e-003  4.4044701e-003 -3.5982377e-003 -4.0311616e-004  4.0013539e-003  1.8958423e-002  2.0744466e-002  2.9363682e-002  4.9124106e-002  3.5900511e-002  9.0061075e-003
  9.0383024e-003  4.4834276e-003 -4.5548748e-003 -4.5072433e-003  4.5310591e-003 -2.3815721e-005  5.3188866e-003 -3.9031821e-003  9.6680831e-003  6.5558165e-003  6.1133685e-003 -1.5105993e-003
  7.2571807e-004 -9.9083987e-003 -1.0634117e-002  3.0608935e-003  3.7866116e-003 -6.8475051e-003 -1.9955579e-002 -2.6933691e-002 -4.4418689e-002 -7.0289752e-002 -4.9506291e-002 -2.2108113e-002
 -8.6282305e-003 -1.6237157e-002 -7.6089263e-003  8.2884625e-003 -3.3976804e-004 -7.9486943e-003 -1.9329042e-002 -1.5622829e-002 -5.0731297e-002 -7.8352049e-002 -6.1136395e-002 -2.9333004e-002
 -1.3405130e-002 -1.7803371e-002 -4.3982411e-003  1.0402833e-002 -3.0022961e-003 -7.4005373e-003 -2.5686184e-003 -5.1696285e-003 -3.6457365e-002 -6.4112242e-002 -5.0519627e-002 -2.5280155e-002
 -3.4022535e-003 -3.1024275e-003  2.9982598e-004  2.1682270e-003 -1.2340265e-003 -9.3420047e-004  6.5792195e-004  4.2179221e-003 -5.8544389e-003 -2.0766654e-002 -1.2620356e-002 -5.2549218e-003
  6.0927178e-003  1.8969943e-002  1.2877225e-002 -8.3542203e-003 -2.2615025e-003  1.0615723e-002  2.4874545e-002  2.5802257e-002  4.4979419e-002  4.8706358e-002  3.2266002e-002  1.6243203e-002
  5.5723848e-003  6.6752232e-004 -4.9048623e-003 -2.0799690e-003  3.4924157e-003 -1.4124466e-003 -7.1206657e-003 -1.3606585e-002  4.9938477e-003  3.5360031e-002  2.8378522e-002  1.2190624e-002
 -5.5136194e-004 -6.4920327e-003 -5.9406708e-003  2.3477982e-003  1.7964363e-003 -4.1442345e-003 -1.7581401e-002 -9.1160336e-003 -1.6696580e-002 -2.0519340e-002 -1.2379805e-002 -5.5680144e-003
 -3.0359097e-003  4.4043637e-003  7.4402733e-003 -4.5615132e-004 -3.4920610e-003  3.9482123e-003  2.1710308e-002  1.7121327e-002  1.1246782e-002 -4.7284088e-003 -8.3829408e-003 -3.9612356e-003
  1.9799012e-005  1.7619111e-003  1.7421121e-003 -5.9390339e-004 -5.7410439e-004  1.1680078e-003 -1.5632155e-003 -7.6210893e-003  2.2166479e-003  1.5755300e-002  1.4279328e-002  7.3528924e-003
  5.2057262e-003 -4.8456348e-003 -1.0051361e-002 -1.2003047e-004  5.0856958e-003 -4.9656653e-003 -2.0196303e-002 -1.0806925e-002 -1.0445849e-002 -1.6783103e-003  1.8874489e-003 -1.0480372e-004
  4.5900716e-003 -4.8963130e-003 -9.4863845e-003  1.0208046e-004  4.6921521e-003 -4.7942325e-003 -1.7418851e-002 -1.1450748e-003 -5.4273161e-003 -5.5552689e-003 -4.8327353e-003 -3.6621404e-003
  2.3880691e-003  6.5673349e-004 -1.7313355e-003 -1.0149342e-003  1.3731349e-003 -3.5820063e-004 -5.3993393e-003  6.9527951e-003  1.0105571e-002  3.7723187e-003 -1.7610048e-004  1.0993991e-003
 -8.1657213e-003 -1.9543835e-002 -1.1378114e-002  9.2365190e-003  1.0707975e-003 -1.0307316e-002 -1.3003073e-002  6.7215249e-003 -1.9201958e-002 -1.7939299e-002 -1.2013915e-002 -1.0150753e-002
 -7.7787443e-003 -1.6174836e-002 -8.3960918e-003  7.9845267e-003  2.0578247e-004 -8.1903092e-003 -6.0461816e-003  1.6896837e-002 -1.9386442e-002 -1.0862570e-002 -7.2449985e-003 -8.8114339e-003
  3.6813945e-003  6.2170781e-003  2.5356837e-003 -3.2994909e-003  3.8190361e-004  2.9175872e-003 -9.4139379e-004  2.2799485e-002  2.0406944e-002  2.1176689e-002  1.3495070e-002  3.5542235e-003
  1.1482885e-002  2.1650052e-002  1.0167166e-002 -1.1044312e-002  4.3857301e-004  1.0605740e-002 -7.6661419e-003  1.3209922e-002  4.2955513e-002  2.7749672e-002  1.6117489e-002  7.6775632e-003
  6.5291453e-003  1.2227942e-002  5.6987973e-003 -6.2523625e-003  2.7678265e-004  5.9755798e-003 -1.6213274e-002 -6.0393885e-003  1.5866239e-002 -9.5627486e-003 -1.0973429e-002 -4.7734871e-003
 -8.3812983e-003 -2.1081628e-002 -1.2700329e-002  9.8209753e-003  1.4396771e-003 -1.1260652e-002 -1.3468038e-002 -2.0024479e-002 -5.6897989e-002 -7.8041625e-002 -5.9149339e-002 -3.0762571e-002
 -2.2632841e-002 -5.8592821e-002 -3.5959980e-002  2.7075221e-002  4.4423798e-003 -3.1517600e-002 -1.0211950e-002 -2.7704818e-002 -1.0550741e-001 -1.1752221e-001 -8.1154989e-002 -4.4207934e-002
 -1.9273995e-002 -5.4214423e-002 -3.4940427e-002  2.4496139e-002  5.2221442e-003 -2.9718284e-002  1.5281564e-003 -1.0905217e-002 -8.1125131e-002 -9.3985200e-002 -6.7911978e-002 -3.9755659e-002
 -9.6409321e-003 -2.1332444e-002 -1.1691512e-002  1.0324459e-002  6.8352671e-004 -1.1007985e-002  2.0330342e-002  1.1501135e-002 -2.8434405e-002 -4.1200388e-002 -3.2110224e-002 -1.8123976e-002
  4.2524555e-003  1.3410399e-002  9.1579439e-003 -5.8876181e-003 -1.6351628e-003  7.5227809e-003  1.2618131e-002  1.6146547e-002  3.3384428e-002  2.4816837e-002  1.3057383e-002  4.8203089e-003
  1.5049906e-002  3.6158972e-002  2.1109066e-002 -1.7069626e-002 -2.0197201e-003  1.9089346e-002 -1.7797276e-002 -4.8233039e-003  5.1845736e-002  7.2184538e-002  5.4001748e-002  3.1797607e-002
 -9.4121304e-004  3.0198695e-003  3.9610826e-003 -6.9288557e-004 -1.6340985e-003  2.3269841e-003 -1.2256237e-002 -5.4185432e-003 -9.9880754e-003 -6.8445077e-003 -1.6124718e-003 -1.8348196e-004
 -7.0763464e-003 -2.1598308e-002 -1.4521961e-002  9.5582179e-003  2.4818717e-003 -1.2040090e-002  1.8815190e-002  8.0272589e-003 -1.4602021e-002 -2.7542735e-002 -2.5149536e-002 -1.5860885e-002
  9.8114447e-003  1.8955118e-002  9.1436728e-003 -9.5888540e-003  2.2259073e-004  9.3662634e-003 -1.3967828e-003  4.4507412e-004  2.4816844e-002  3.5215146e-002  2.8802221e-002  1.8166806e-002
 -1.2176165e-003  1.8663363e-002  1.9880980e-002 -5.8152490e-003 -7.0328653e-003  1.2848114e-002 -3.4402372e-002 -1.1754218e-002  2.3299137e-003  8.3256714e-003  8.2144785e-003  3.2218029e-003
 -5.1743304e-003  2.6424860e-003  7.8168164e-003  8.4394812e-004 -4.3303823e-003  3.4864341e-003 -4.0151446e-002 -1.4933687e-002 -1.6576013e-002 -9.2910192e-003 -4.1312200e-003 -2.3371963e-003
 -4.0706055e-003 -2.0587129e-003  2.0118926e-003  2.0431062e-003 -2.0274994e-003 -1.5606793e-005 -3.2134350e-002 -5.1841648e-003 -2.2442777e-002 -1.6038971e-002 -1.2433345e-002 -1.1179808e-002
 -4.2009614e-003 -3.9724607e-003  2.2850068e-004  2.7244740e-003 -1.4764874e-003 -1.2479867e-003 -1.6443680e-002  8.9786549e-003 -6.8549017e-003 -7.7100355e-003 -9.2919668e-003 -9.8720295e-003
 -6.4866946e-003 -6.4082420e-003  7.8452621e-005  4.2983122e-003 -2.1883824e-003 -2.1099298e-003 -3.0583630e-003  1.9849698e-002  7.0330914e-003 -4.8172473e-003 -1.1344805e-002 -9.1660966e-003
 -1.6457410e-003  1.8762668e-003  3.5220077e-003 -7.6841918e-005 -1.7225829e-003  1.7994248e-003  6.0809445e-003  2.8535522e-002  2.5775791e-002  9.3964199e-003 -9.3624483e-004 -1.9293601e-003
 -1.6461481e-002 -1.6719749e-002 -2.5826824e-004  1.1060410e-002 -5.4010707e-003 -5.6593390e-003 -7.7652808e-003  1.3111281e-002  6.6435968e-003  9.8051742e-004 -8.8458409e-003 -4.1231337e-003
 -2.8594328e-002 -3.2939560e-002 -4.3452330e-003  2.0511296e-002 -8.0830316e-003 -1.2428264e-002 -8.5393882e-003  6.6661767e-004 -1.5231999e-002 -1.6454401e-002 -1.9548663e-002 -1.0578897e-002
 -2.2191448e-002 -2.4654308e-002 -2.4628605e-003  1.5615252e-002 -6.5761959e-003 -9.0390564e-003  3.5097125e-003 -1.9559924e-003 -4.7885004e-003 -5.9094876e-003 -9.9058463e-003 -7.3085638e-003
 -3.8131819e-003 -1.1562834e-004  3.6975537e-003  1.3096034e-003 -2.5035786e-003  1.1939751e-003  1.0921384e-002 -1.8128265e-003  1.1573034e-002  1.2182464e-002  4.5052007e-003  2.4152273e-003
  1.0803319e-002  1.8697646e-002  7.8943265e-003 -9.8336547e-003  9.6966412e-004  8.8639907e-003  6.8139095e-003 -6.4954410e-003  5.5552255e-004  3.6308481e-003 -5.9110541e-004  3.4716370e-003
  6.6148099e-003  8.9550651e-003  2.3402552e-003 -5.1899583e-003  1.4248515e-003  3.7651067e-003 -8.1846274e-003 -2.0129064e-002 -5.3541592e-002 -5.0728180e-002 -3.8037260e-002 -1.3300413e-002
 -6.1088523e-003 -1.5437156e-002 -9.3283040e-003  7.1820029e-003  1.0731506e-003 -8.2551536e-003 -1.2580340e-002 -1.5340979e-002 -7.5451345e-002 -8.5516982e-002 -6.4179856e-002 -3.0456016e-002
 -8.8706658e-003 -3.7837902e-003  5.0868755e-003  4.2181520e-003 -4.6525138e-003  4.3436176e-004  1.1743335e-003 -1.2457124e-003 -4.6261530e-002 -5.3451602e-002 -3.9493673e-002 -2.0031297e-002
 -5.3436984e-003 -3.5756636e-004  4.9861320e-003  1.9004215e-003 -3.4432769e-003  1.5428552e-003 -5.7183834e-003 -1.0081292e-002 -2.4788618e-002 -2.5941800e-002 -1.6880613e-002 -7.6352692e-003
  2.3385471e-003  4.4085841e-003  2.0700371e-003 -2.2490437e-003  8.9503350e-005  2.1595404e-003  3.8851630e-004  1.0887754e-002  3.6601822e-002  3.3882654e-002  2.2859806e-002  1.1158507e-002
  7.9824184e-003  6.4372196e-003 -1.5451988e-003 -4.8065460e-003  3.1758724e-003  1.6306736e-003  1.1900749e-002  7.4987920e-003  3.6361110e-002  4.5870299e-002  3.2907965e-002  1.5322254e-002
 -1.6996919e-003 -7.6669698e-003 -5.9672777e-003  3.1222206e-003  1.4225286e-003 -4.5447492e-003 -9.2827439e-003 -1.1081919e-002 -2.1751300e-002 -2.1930852e-002 -1.3002354e-002 -6.1286388e-003
 -3.6862413e-003  5.5804184e-003  9.2666595e-003 -6.3139234e-004 -4.3176337e-003  4.9490260e-003  3.7889007e-003  8.0345729e-003 -1.6167348e-003 -7.9808728e-003 -9.1462994e-003 -4.5699737e-003
  3.6935371e-003 -5.8027289e-004 -4.2738099e-003 -1.0377547e-003  2.6557823e-003 -1.6180276e-003  3.8741926e-003  3.5715931e-004  1.4463634e-002  2.0069692e-002  1.5146548e-002  7.6498755e-003
  2.4580469e-003 -4.0781255e-003 -6.5361724e-003  5.4002621e-004  2.9980731e-003 -3.5380993e-003 -8.2124455e-003 -8.0108917e-003 -4.6284922e-003 -5.8921900e-004  3.8520193e-003  2.8504791e-003
 -2.3690810e-003  1.6163873e-003  3.9854682e-003  2.5089789e-004 -2.1181831e-003  1.8672852e-003 -7.0619935e-004 -1.4950106e-004 -8.6842625e-004 -5.6540029e-003 -5.8963036e-003 -6.7726795e-003
 -6.1680116e-003 -1.8190606e-003  4.3489510e-003  2.6623574e-003 -3.5056542e-003  8.4329679e-004 -2.3259299e-003  7.7328354e-003 -3.8439520e-003 -1.2443505e-002 -1.0774663e-002 -1.4117472e-002
 -1.6320431e-002  9.7037872e-003  2.6024218e-002  2.2055478e-003 -1.4114883e-002  1.1909335e-002 -2.1111841e-002  1.0043418e-002 -6.5613354e-003 -2.2215674e-002 -2.0326727e-002 -2.1822101e-002
 -1.8649952e-002  1.6676273e-002  3.5326225e-002  6.5789271e-004 -1.7992059e-002  1.7334166e-002 -3.1738738e-002  9.1738670e-003  4.4099928e-003  4.7817039e-004  2.9015316e-004 -5.1698291e-003
 -6.9323546e-003  1.0765143e-002  1.7697497e-002 -1.2775961e-003 -8.2099506e-003  9.4875468e-003 -2.1031886e-002  6.7338048e-003  5.1980999e-003  2.3922941e-002  2.7264493e-002  1.7318351e-002
  7.2904733e-003 -8.4631613e-003 -1.5753634e-002  3.9089599e-004  7.6813692e-003 -8.0722651e-003 -3.8378608e-003  1.7217978e-003 -1.3034977e-002  1.7725978e-002  2.8913443e-002  2.2284280e-002
  1.8058369e-002 -1.9587286e-002 -3.7645655e-002  5.0963881e-004  1.8568008e-002 -1.9077647e-002  1.1806654e-002  7.9603515e-003 -3.2852928e-002 -2.3652113e-002 -4.4192983e-003  3.8940443e-003
  1.5443374e-002 -1.1732824e-002 -2.7176198e-002 -1.2368500e-003  1.4206524e-002 -1.2969674e-002 -1.3797461e-002  3.2860820e-003 -2.3044787e-002 -5.4671202e-002 -3.9969149e-002 -1.5494723e-002
 -8.4956064e-003 -1.4753264e-002 -6.2576574e-003  7.7496235e-003 -7.4598300e-004 -7.0036404e-003 -2.7099042e-002 -7.6196397e-003 -1.9173016e-002 -5.0315583e-002 -4.5665596e-002 -2.4648915e-002
 -1.0903521e-002 -4.1284806e-003  6.7750398e-003  5.0106670e-003 -5.8928535e-003  8.8218634e-004 -1.6237055e-003  9.3304699e-003 -2.2064652e-003 -2.4538364e-002 -2.4773828e-002 -1.5998388e-002
 -3.3964487e-003  1.5506235e-002  1.8902684e-002 -4.0365955e-003 -7.4330442e-003  1.1469639e-002  5.0999056e-003  7.6664637e-003  2.3527104e-002  2.7792631e-002  1.9590458e-002  7.6512867e-003
  8.3737782e-003  4.7108689e-003 -3.6629092e-003 -4.3615491e-003  4.0122292e-003  3.4931985e-004  6.2271999e-003 -1.0286281e-002  1.8570296e-003  3.0877000e-002  3.0331704e-002  1.9657439e-002
  1.7594808e-003 -1.2833358e-002 -1.4592839e-002  3.6912925e-003  5.4507733e-003 -9.1420658e-003  4.3047363e-003 -3.9798351e-003 -2.0072187e-002 -1.9591884e-002 -1.3876060e-002 -8.5107439e-003
 -5.3023603e-003  3.6471698e-003  8.9495299e-003  5.5173011e-004 -4.7506301e-003  4.1988999e-003 -2.3125415e-003  1.5458644e-002  1.9306235e-002 -7.0845960e-004 -7.1612234e-003 -5.7293581e-003
 -2.2506326e-003  1.2063998e-002  1.4314630e-002 -3.2711217e-003 -5.5217543e-003  8.7928760e-003 -1.0386824e-002 -1.1168596e-002  1.2964833e-003  9.1657490e-003  1.0103896e-002  7.8592180e-003
  7.0412463e-003  4.1909495e-003 -2.8502969e-003 -3.7440652e-003  3.2971811e-003  4.4688419e-004 -5.0348364e-003 -1.9319307e-002 -2.3060775e-002 -8.3030415e-003  2.8430096e-004  3.1086185e-003
  5.5673273e-003 -1.6141766e-002 -2.1709093e-002  3.5248129e-003  9.0921402e-003 -1.2616953e-002  3.8798648e-002  2.4926913e-002  5.7756859e-003  4.9692007e-003 -5.5257062e-005 -3.9985391e-003
 -5.1365607e-003 -4.0495467e-002 -3.5358906e-002  1.5210676e-002  1.0074115e-002 -2.5284791e-002  3.3992865e-002  2.6411731e-002  1.0234483e-002  6.7396169e-003 -3.2603945e-003 -1.2981086e-002
 -1.9973030e-003 -1.5620157e-002 -1.3622854e-002  5.8724866e-003  3.8751835e-003 -9.7476702e-003 -3.1196546e-002  8.9144182e-003  2.5782511e-002  2.4187132e-002  1.2834050e-002  5.1724368e-003
 -3.1235858e-003 -1.9455323e-003  1.1780535e-003  1.6897060e-003 -1.4338797e-003 -2.5582625e-004 -2.4556455e-002  9.1685193e-003  2.9561781e-002  2.9005831e-002  2.4007848e-002  1.7508132e-002
 -6.5711454e-003  9.8421288e-004  7.5553583e-003  1.8623108e-003 -4.7088347e-003  2.8465238e-003 -2.7146923e-002 -6.6177080e-003  1.2076163e-002  1.6851293e-002  1.7862324e-002  1.4320831e-002
 -7.4341091e-003  3.8987108e-003  1.1332820e-002  1.1784661e-003 -6.2556430e-003  5.0771770e-003 -2.7912965e-002 -1.7454619e-002 -6.6718451e-003  1.5512739e-003  6.2278667e-003  4.8455256e-003
 -7.6156566e-003  1.5745231e-003  9.1901798e-003  2.0137112e-003 -5.6019454e-003  3.5882343e-003 -2.1209516e-002 -2.3623329e-002 -1.3422802e-002 -2.4897184e-003  8.2117066e-003  1.0212548e-002
 -5.8474058e-003  1.4864575e-003  7.3338633e-003  1.4536494e-003 -4.3937564e-003  2.9401069e-003 -1.5473233e-002 -2.2327395e-002 -9.4109385e-003  1.6288208e-003  1.0489316e-002  1.1466710e-002
 -3.2694925e-003 -9.7709013e-004  2.2924024e-003  1.4155275e-003 -1.8539649e-003  4.3843742e-004 -8.4644013e-003 -1.4038887e-002 -9.1622232e-003 -2.3363595e-003  4.5087868e-003  4.9970596e-003
 -4.5939832e-003  8.3008198e-003  1.2894803e-002 -1.2356122e-003 -5.8295955e-003  7.0652075e-003 -1.1247966e-002 -1.9193536e-002 -1.2445470e-002  1.0934833e-002  7.1857990e-003  1.2619741e-003
 -4.8733808e-003  1.0018524e-002  1.4891905e-002 -1.7150477e-003 -6.5884286e-003  8.3034761e-003 -5.2163032e-003 -1.9929139e-002 -1.6404650e-002  4.3739265e-003 -1.8487637e-004 -2.2022913e-004
  1.5443858e-003 -3.0056743e-003 -4.5500602e-003  4.8709614e-004  2.0314821e-003 -2.5185782e-003  7.1403424e-003 -2.1620070e-003 -8.3025368e-003 -1.3544387e-002 -1.2446448e-002  1.3960802e-003
  6.1486679e-003 -9.0454901e-003 -1.5194158e-002  9.6560740e-004  7.1142752e-003 -8.0798826e-003  1.0512756e-002  1.5218362e-002  5.5852401e-003  1.0501931e-003 -2.4150476e-003  8.8866754e-003
  3.6902927e-003 -8.8855463e-003 -1.2575839e-002  1.7317513e-003  5.4220439e-003 -7.1537951e-003  2.3602022e-003  1.5010083e-002  1.8685922e-003  1.2531054e-002  5.6759821e-003  1.1454694e-002
 -8.3857233e-003  4.2411411e-004  8.8098375e-003  2.6538697e-003 -5.7318537e-003  3.0779839e-003 -7.4223473e-003 -6.9074996e-003 -2.4890576e-002  3.1481599e-003 -5.8322982e-004  4.7338453e-003
 -2.3576918e-002  9.6987765e-004  2.4546796e-002  7.5356801e-003 -1.6041238e-002  8.5055578e-003 -1.6171184e-002 -3.4675131e-002 -6.3867325e-002 -5.8251938e-002 -4.1283260e-002 -1.7187909e-002
 -2.8724994e-002 -2.8946677e-003  2.5830326e-002  1.0539887e-002 -1.8185107e-002  7.6452196e-003 -8.0176412e-003 -3.3357869e-002 -6.5159589e-002 -8.4675653e-002 -5.5548318e-002 -2.3343621e-002
 -1.9743127e-002  5.8183333e-003  2.5561461e-002  4.6415980e-003 -1.5101529e-002  1.0459931e-002  1.7172355e-004 -2.5425009e-002 -3.9387406e-002 -5.2439544e-002 -3.5494592e-002 -1.5662636e-002
 -3.7362941e-003  8.7063147e-004  4.6069254e-003  9.5522087e-004 -2.7810731e-003  1.8258523e-003  4.6969032e-003 -6.9998481e-004  1.6507275e-003 -9.3787983e-003 -9.2935366e-003 -4.0880344e-003
  1.4972478e-002  4.3259511e-003 -1.0646527e-002 -6.4328096e-003  8.5396682e-003 -2.1068585e-003  1.6160830e-002  3.2533849e-002  4.8505626e-002  5.2998988e-002  3.3110889e-002  1.5222416e-002
  2.0283193e-003  6.7374220e-004 -1.3545771e-003 -9.0068716e-004  1.1276322e-003 -2.2694499e-004 -9.9467588e-003 -2.8860356e-003  3.2440136e-003  1.2673041e-002  1.3197020e-002  7.6943981e-003
 -1.4321211e-002  7.1073500e-004  1.5031946e-002  4.5368253e-003 -9.7843856e-003  5.2475603e-003  7.8997673e-004 -1.2920716e-002 -2.2280418e-002 -3.5799043e-002 -2.6506060e-002 -1.2963768e-002
  1.0302868e-002  4.0892728e-003 -6.2135952e-003 -4.7973803e-003  5.5054877e-003 -7.0810749e-004  1.4133889e-002  1.7534259e-002  2.2876947e-002  2.3285019e-002  1.3644548e-002  8.1532474e-003
  2.4165188e-003 -4.7349947e-003 -7.1515135e-003  7.7282528e-004  3.1893442e-003 -3.9621694e-003 -7.7585905e-003  3.6835974e-003  6.2119643e-003  1.1736869e-002  1.1257336e-002  4.4714679e-003
 -1.9283753e-002  2.4753640e-003  2.1759117e-002  5.6027963e-003 -1.3680957e-002  8.0781603e-003 -1.5002531e-002 -2.4435902e-002 -2.6303114e-002 -3.1844893e-002 -2.1514056e-002 -1.1344213e-002
 -2.6517425e-002  9.6944800e-003  3.6211905e-002  5.6076484e-003 -2.0909776e-002  1.5302128e-002 -1.9676573e-002 -4.6710592e-002 -4.3931526e-002 -4.7038562e-002 -2.7553930e-002 -8.5449871e-003
 -2.7119337e-002  1.6607829e-002  4.3727166e-002  3.5038359e-003 -2.3615501e-002  2.0111665e-002 -5.4831218e-003 -3.7793045e-002 -3.5771322e-002 -4.2824557e-002 -2.5771164e-002 -1.5694377e-002
 -1.4044210e-002  1.6449515e-002  3.0493725e-002 -8.0176854e-004 -1.4845979e-002  1.5647747e-002  7.8305799e-003 -1.5057043e-002 -1.5639890e-002 -2.6662605e-002 -1.3811093e-002  1.7126439e-003
 -1.1785133e-002  3.6560206e-003  1.5441153e-002  2.7097041e-003 -9.0754287e-003  6.3657246e-003  1.4863509e-002  1.2004310e-003 -9.9441223e-004 -2.1542782e-002 -1.5631987e-002  2.7399678e-003
 -1.5251325e-002  1.2585514e-002  2.7836839e-002  8.8860357e-004 -1.4362721e-002  1.3474118e-002  3.0236514e-002  2.5498969e-002  2.9775178e-002 -2.6677813e-003 -9.8819974e-003  1.7778179e-003
 -8.7921850e-003  1.3540363e-002  2.2332548e-002 -1.5827259e-003 -1.0374911e-002  1.1957637e-002  3.8468224e-002  5.2568970e-002  5.7183228e-002  1.7890989e-002  1.8324459e-003  1.6815900e-003
 -8.8513755e-003 -3.7837956e-003  5.0675799e-003  4.2117237e-003 -4.6396518e-003  4.2792808e-004  2.0314089e-002  2.6839873e-002  1.8226157e-002 -2.8991453e-002 -2.4125176e-002 -3.6592622e-003
 -3.2277531e-003 -7.1400399e-003 -3.9122869e-003  3.4559310e-003  2.2817799e-004 -3.6841089e-003  8.9506084e-003  1.3715845e-002 -6.3884764e-003 -4.9938743e-002 -3.3200726e-002 -1.2269225e-003
  4.8654947e-003 -2.1908716e-003 -7.0563664e-003 -8.9154104e-004  3.9739537e-003 -3.0824126e-003  3.0094380e-003  9.4469788e-003 -1.9278033e-003 -2.1307301e-002 -1.3352830e-002  4.3797717e-003
  6.6963165e-003  5.9676617e-003 -7.2865485e-004 -4.2213261e-003  2.4749904e-003  1.7463357e-003  5.0200823e-003 -2.9011087e-003  1.3451905e-002  1.9349929e-002  1.1169915e-002  5.8645850e-003
 -1.0361135e-003  6.0896865e-003  7.1258000e-003 -1.6845244e-003 -2.7206378e-003  4.4051622e-003  8.2587971e-003 -2.3288401e-002  5.5499013e-003  2.1562493e-002  1.0281657e-002 -4.3213657e-003
 -1.2088946e-002 -4.9132311e-003  7.1757153e-003  5.6673927e-003 -6.4215540e-003  7.5416138e-004  1.3089743e-002 -4.3917533e-002 -2.8951220e-002 -2.5277728e-002 -1.9445491e-002 -1.9077821e-002
 -1.8728747e-002 -2.2259211e-002 -3.5304635e-003  1.3662653e-002 -5.0660947e-003 -8.5965581e-003  5.1627281e-003 -4.2971139e-002 -8.8640544e-002 -9.3909830e-002 -5.8350537e-002 -2.8032035e-002
 -1.5547920e-002 -1.6332241e-002 -7.8432116e-004  1.0626720e-002 -4.9211995e-003 -5.7055206e-003  8.3013386e-003 -2.1259385e-002 -7.9552909e-002 -8.7954064e-002 -5.8760730e-002 -2.5432758e-002
 -1.5204146e-002 -1.4891956e-002  3.1219072e-004  1.0032034e-002 -5.1721124e-003 -4.8599217e-003  1.1917657e-002 -2.5223450e-003 -3.4059322e-002 -4.0081818e-002 -1.9714172e-002 -2.3118400e-003
  3.0080222e-003  9.2596775e-003  6.2516553e-003 -4.0892334e-003 -1.0812110e-003  5.1704442e-003  8.5218572e-004  2.2240600e-002  3.1769902e-002  2.1559696e-002  1.2143065e-002  9.9118859e-004
  1.4779799e-002  1.0518123e-002 -4.2616760e-003 -8.4326410e-003  6.3471584e-003  2.0854825e-003 -1.0435738e-002  3.6121011e-003  4.5269649e-002  5.5732590e-002  3.3261855e-002  1.5178036e-002
 -1.3491428e-003 -3.4382351e-004  1.0053193e-003  5.6432216e-004 -7.8482068e-004  2.2049856e-004 -2.2366226e-005 -1.0375102e-002 -1.5242813e-002 -7.6647931e-003 -3.6415990e-003 -2.6894054e-003
 -4.5966253e-003 -4.1207137e-003  4.7591156e-004  2.9057797e-003 -1.6908456e-003 -1.2149341e-003  4.4496944e-003  8.6492067e-003 -2.0687616e-003 -1.4399953e-002 -9.3011064e-003 -2.3312664e-003
  5.5443508e-003  4.1359347e-003 -1.4084160e-003 -3.2267618e-003  2.3175889e-003  9.0917287e-004 -6.6314363e-003 -6.8257974e-004  1.4323491e-002  2.4242634e-002  1.4187747e-002  4.2378663e-003
  2.5820335e-003  4.8994903e-003  2.3174568e-003 -2.4938413e-003  8.8192255e-005  2.4056490e-003 -1.7155226e-003 -7.0792793e-003 -4.1480645e-003 -1.1417469e-003  2.3777888e-003  2.0896647e-003
 -4.0962340e-003 -4.0889563e-003  7.2777572e-006  2.7283968e-003 -1.3678372e-003 -1.3605595e-003  1.1977020e-002 -9.9565264e-003 -1.4364109e-002 -1.5628967e-002 -1.1439148e-002 -3.7498615e-003
 -4.7269015e-003  1.2705089e-005  4.7396066e-003  1.5713988e-003 -3.1555027e-003  1.5841039e-003  2.1321317e-002 -5.3211659e-003 -1.7600791e-002 -1.7550718e-002 -1.2976729e-002 -9.9682943e-003
 -3.9124364e-003 -1.2266643e-002 -8.3542066e-003  5.3930264e-003  1.4805901e-003 -6.8736167e-003  3.7851838e-002  9.5727977e-003 -1.7826213e-002 -2.4783644e-002 -1.7473348e-002 -1.4737089e-002
  7.9442892e-005 -9.6279190e-003 -9.7073619e-003  3.1828254e-003  3.2622683e-003 -6.4450937e-003  4.8583851e-002  2.2846046e-002 -1.0289044e-002 -2.3750099e-002 -2.2943115e-002 -1.7560837e-002
 -1.6282662e-004 -8.1796093e-003 -8.0167827e-003  2.7808120e-003  2.6179853e-003 -5.3987974e-003  5.6278982e-002  3.5100774e-002  3.0240016e-003 -1.4704273e-002 -1.9775025e-002 -2.6877172e-002
  4.7763957e-003 -1.8574731e-002 -2.3351127e-002  4.5994451e-003  9.3758408e-003 -1.3975286e-002  4.8966062e-002  4.2340124e-002  6.0749386e-003 -1.2613913e-002 -1.7818766e-002 -2.5521871e-002
  1.2818820e-002 -9.1108469e-003 -2.1929667e-002 -1.2359911e-003  1.1582829e-002 -1.0346838e-002  1.6682507e-003  2.6174513e-002  5.0421112e-003 -2.8730370e-003 -7.1674812e-003 -6.4834791e-003
  2.9415276e-003 -4.2707818e-003 -7.2123094e-003  4.4308471e-004  3.3846123e-003 -3.8276971e-003 -3.1600377e-002 -4.0065403e-003 -5.9989571e-003 -8.1757238e-003 -1.1788184e-002 -1.3242337e-002
  7.4049284e-004  5.6762882e-003  4.9357955e-003 -2.1389270e-003 -1.3984342e-003  3.5373612e-003 -1.7233806e-002 -9.6681431e-003 -4.9651911e-003 -2.7310066e-003 -4.0433835e-003 -9.4304347e-003
 -3.5506582e-003  1.2102524e-002  1.5653183e-002 -2.8506220e-003 -6.4012802e-003  9.2519023e-003 -1.5156552e-002 -7.0238345e-003  1.4150714e-002 -6.2464409e-003 -1.3521960e-002 -8.5162629e-003
 -2.2095188e-003  7.5081256e-003  9.7176442e-003 -1.7662023e-003 -3.9757210e-003  5.7419233e-003 -9.2427968e-003  6.7501577e-005  1.5011779e-002  8.0568865e-004 -1.0948390e-002 -7.2111158e-003
  2.4124629e-003 -4.7100788e-003 -7.1225418e-003  7.6587200e-004  3.1783349e-003 -3.9442069e-003  2.5874771e-004  7.9687206e-003 -7.3701902e-003  2.4551286e-003  2.6247380e-003  2.3789679e-003
  2.6264138e-003 -1.2199558e-002 -1.4825972e-002  3.1910483e-003  5.8174620e-003 -9.0085103e-003  1.0914905e-002  1.1563974e-002 -3.2335041e-002 -1.2334051e-002  2.6285803e-003  3.1499820e-003
 -6.4439074e-003 -1.1236432e-002 -4.7925250e-003  5.8934466e-003 -5.5046075e-004 -5.3429858e-003  3.2283052e-002  2.0628298e-002 -4.0990095e-002 -3.9043009e-002 -1.5808629e-002 -5.1309844e-003
 -1.7506886e-002 -2.4214446e-003  1.5085441e-002  6.6427768e-003 -1.0864109e-002  4.2213322e-003  4.3839704e-002  2.7671810e-002 -3.1491646e-002 -6.6968319e-002 -5.1477087e-002 -2.7410616e-002
 -2.0131803e-002  1.3895242e-003  2.1521328e-002  6.2474264e-003 -1.3884377e-002  7.6369505e-003  4.9007267e-002  4.0161976e-002 -7.3234233e-003 -6.2408066e-002 -6.2299658e-002 -3.5056132e-002
 -1.9113406e-002 -3.8405316e-004  1.8729353e-002  6.4991530e-003 -1.2614253e-002  6.1150998e-003  3.0925355e-002  2.5293620e-002 -1.6910725e-003 -3.7914240e-002 -3.6241161e-002 -2.3640632e-002
 -4.0161713e-003 -1.5080030e-003  2.5081684e-003  1.8413914e-003 -2.1747799e-003  3.3338842e-004 -1.3545523e-003 -8.1173334e-003 -1.1008995e-002 -1.9437439e-002 -1.9236324e-002 -1.3976287e-002
  1.0992104e-002  6.8594335e-003 -4.1326706e-003 -5.9505126e-003  5.0415916e-003  9.0892098e-004 -3.1173272e-002 -1.8302018e-002  7.6508587e-003  2.8377599e-002  2.8757742e-002  1.7083495e-002
  8.3826146e-003 -5.9931014e-003 -1.4375716e-002 -7.9650441e-004  7.5861102e-003 -6.7896058e-003  5.6161751e-003  7.6924659e-003  1.1139654e-002  2.8719108e-002  2.5317708e-002  1.8754871e-002
 -1.1953286e-002 -1.3291003e-003  1.0624185e-002  4.4274621e-003 -7.5258237e-003  3.0983617e-003  1.2325319e-002 -3.1061862e-003 -1.9009814e-002 -3.3024506e-002 -2.9946563e-002 -2.1885728e-002
  2.0009285e-003  7.0859004e-003  5.0849722e-003 -3.0289430e-003 -1.0280146e-003  4.0569576e-003 -1.5603984e-002  2.9634352e-003  1.2586937e-002  4.1751145e-003  2.3416336e-003  2.9645748e-003
  8.0202217e-003 -4.2518826e-003 -1.2272104e-002 -1.2561130e-003  6.7641086e-003 -5.5079957e-003  1.0846248e-002  5.1034718e-003  8.1004267e-003  1.8621353e-002  1.7772367e-002  1.2599475e-002
  4.4790143e-005 -2.6558717e-003 -2.7006618e-003  8.7036050e-004  9.1515072e-004 -1.7855111e-003  4.5579028e-004 -6.3790404e-003 -1.4082695e-002 -5.5484493e-003 -1.6995711e-003 -4.0969561e-003
 -1.2602899e-002 -8.3290481e-004  1.1769994e-002  4.4786013e-003 -8.1242979e-003  3.6456965e-003 -6.3808876e-003 -1.4026103e-002 -1.5128642e-002 -1.6222456e-002 -1.4127818e-002 -5.9564209e-003
 -9.4669368e-003 -3.5094230e-004  9.1159946e-003  3.2726264e-003 -6.1943106e-003  2.9216841e-003 -3.5578758e-003 -5.2163544e-005  2.4420257e-003 -1.9654105e-003 -1.3849896e-002 -1.3140544e-002
  1.9026004e-003  1.5042968e-003 -3.9830350e-004 -1.1356324e-003  7.6696797e-004  3.6866439e-004  1.7790570e-003  1.1664295e-002  1.4133020e-002  6.6842618e-003 -9.5272993e-004 -8.5043204e-003
  7.4637546e-003 -9.1549709e-003 -1.6618726e-002  5.6373872e-004  8.0274934e-003 -8.5912322e-003 -1.5899959e-002 -3.7986203e-003  2.7457517e-002  7.0831891e-003  1.5249774e-002 -1.7350467e-002
  8.5054105e-003 -1.9120974e-002 -2.7626385e-002  3.5385213e-003  1.2043932e-002 -1.5582453e-002 -2.3072285e-002 -4.4670354e-003  1.7816919e-002  6.4940331e-003  6.8763947e-003 -8.0540198e-003
  5.9263293e-003 -9.8805379e-003 -1.5806867e-002  1.3180696e-003  7.2443989e-003 -8.5624685e-003 -1.2494659e-002  2.9756520e-003  5.8765470e-003  9.4214760e-003 -3.8231540e-003  1.8283958e-003
  2.9771834e-003 -1.6536377e-004 -3.1425473e-003 -9.3727320e-004  2.0399102e-003 -1.1026370e-003 -8.8960282e-003  5.0939567e-004 -7.1178568e-003  8.0976083e-003 -2.7588092e-003  4.2682790e-003
 -2.7549990e-003 -5.0674570e-003 -2.3124578e-003  2.6074853e-003 -1.4751375e-004 -2.4599716e-003 -2.1474991e-002 -1.5918255e-002 -2.4136284e-002 -1.2620429e-002  6.5954544e-004 -4.6203016e-003
 -1.2151366e-002 -2.8954464e-002 -1.6803098e-002  1.3701943e-002  1.5505773e-003 -1.5252521e-002 -4.3021022e-002 -3.4028381e-002 -4.7496219e-002 -6.4141840e-002 -2.7365562e-002 -2.2011779e-002
 -2.8208822e-002 -4.7564291e-002 -1.9355468e-002  2.5257704e-002 -2.9511180e-003 -2.2306586e-002 -4.2352482e-002 -2.7714776e-002 -6.3945545e-002 -1.0681638e-001 -7.9612099e-002 -3.3118335e-002
 -2.8061754e-002 -4.6163420e-002 -1.8101665e-002  2.4741724e-002 -3.3200294e-003 -2.1421695e-002 -1.0867557e-002 -5.6069072e-004 -4.5638820e-002 -9.6784826e-002 -7.7690113e-002 -3.8679279e-002
 -1.1914839e-002 -7.1091845e-003  4.8056550e-003  6.3413413e-003 -5.5734981e-003 -7.6784326e-004  1.8997645e-003  8.0180892e-003 -9.7741484e-003 -4.7784759e-002 -4.1754415e-002 -1.6997235e-002
  6.4833942e-003  1.8274937e-002  1.1791542e-002 -8.2527769e-003 -1.7693826e-003  1.0022160e-002  1.8625361e-002  2.3217011e-002  3.9880787e-002  3.9183764e-002  2.8980932e-002  1.3783017e-002
  1.7156159e-002  2.9854112e-002  1.2697953e-002 -1.5670091e-002  1.4860686e-003  1.4184022e-002  8.2940089e-003 -7.3896033e-003  1.3641649e-002  5.6018513e-002  4.1258435e-002  1.2586838e-002
 -6.9461017e-003 -1.7190472e-002 -1.0244371e-002  8.0455247e-003  1.0994230e-003 -9.1449475e-003 -1.0814868e-002 -1.8005363e-002 -2.1471669e-002 -1.9631127e-002 -1.0265928e-002 -1.2934714e-003
 -1.8713884e-003  9.1471948e-003  1.1018583e-002 -2.4252688e-003 -4.2966571e-003  6.7219260e-003  4.6106762e-003  2.1758238e-002  1.7584085e-002 -7.9616761e-003 -1.3362549e-002 -8.6598250e-003
  4.8695041e-003  1.1140128e-002  6.2706242e-003 -5.3365442e-003 -4.6704010e-004  5.8035842e-003  3.4790866e-002  9.7638071e-003  7.5089641e-003  2.2790967e-002  1.6350677e-002  4.6464012e-003
 -3.8461169e-003 -8.1904570e-003 -4.3443401e-003  4.0121914e-003  1.6607442e-004 -4.1782658e-003 -3.7621321e-002 -4.4169906e-002 -2.7521028e-002 -4.4069543e-003  3.2640558e-003  4.0127601e-003
  2.8255986e-003 -2.8999781e-002 -3.1825380e-002  8.7247276e-003  1.1550326e-002 -2.0275054e-002 -9.0872518e-002 -5.4318086e-002 -2.6671877e-002 -8.1861605e-003  8.2854279e-003  1.3009101e-002
  1.0218337e-002 -2.6581133e-002 -3.6799471e-002  5.4542654e-003  1.5672603e-002 -2.1126868e-002 -7.3147657e-002 -2.6699233e-002 -1.2789981e-002 -3.6865049e-003  4.6658424e-003  6.6247682e-003
  1.1401829e-002 -3.5780873e-002 -4.7182703e-002  8.1263479e-003  1.9528177e-002 -2.7654525e-002 -4.1553658e-002  1.4524306e-003  6.1143034e-003  1.1971534e-002  2.7771041e-002  2.7578423e-002
  1.2493576e-002 -2.5391090e-002 -3.7884666e-002  4.2991713e-003  1.6792747e-002 -2.1091918e-002 -1.9137983e-002  1.7524915e-002  1.4828832e-002  1.2122684e-002  1.4406498e-002  1.1725786e-002
  1.3492991e-002 -3.0322141e-002 -4.3815132e-002  5.6097170e-003  1.9102707e-002 -2.4712425e-002 -1.3777889e-003  2.8266287e-002  1.5862130e-002  1.7478901e-002  2.4845045e-002  2.1905431e-002
  1.4600486e-002 -1.7831641e-002 -3.2432128e-002  1.0770518e-003  1.5677538e-002 -1.6754590e-002  8.2480009e-003  2.7577317e-002  1.3284504e-002  2.1716798e-002  3.1701303e-002  2.3167402e-002
  9.0330446e-003 -1.7133112e-002 -2.6166156e-002  2.7000224e-003  1.1733067e-002 -1.4433089e-002  1.0428539e-002  1.9728638e-002 -6.5627579e-003 -2.6419333e-003  6.6684328e-003  1.0236637e-002
 -1.2348168e-003 -2.3347649e-002 -2.2112832e-002  8.1941552e-003  6.9593384e-003 -1.5153494e-002  1.5981934e-002 -1.4933896e-003 -2.3679876e-002 -1.0485637e-002  9.5589823e-003  2.1124080e-002
 -8.8087002e-003 -1.9214944e-002 -1.0406244e-002  9.3412146e-003  5.3251461e-004 -9.8737293e-003  6.9958140e-003 -1.0920853e-003 -2.9525367e-002 -3.5326990e-002 -1.6193264e-002 -9.4947678e-006
 -9.8947755e-003 -1.3574516e-002 -3.6797407e-003  7.8230973e-003 -2.0716782e-003 -5.7514190e-003  3.0415172e-003  6.0773460e-003 -1.7633965e-002 -4.0994649e-002 -2.5585258e-002 -3.9618148e-003
  6.1033348e-004 -3.0027453e-003 -3.6130789e-003  7.9747064e-004  1.4078041e-003 -2.2052747e-003 -1.8832078e-002 -1.3349164e-002 -9.1629384e-003 -1.6774120e-002 -1.0781269e-002 -1.5367672e-003
  1.2791301e-002 -3.8761587e-003 -1.6667459e-002 -2.9717141e-003  9.8195869e-003 -6.8478728e-003 -3.0016568e-002 -1.5517127e-002 -3.6408115e-004  1.4588898e-002  1.1684304e-002  9.4503354e-003
  2.2178759e-002 -6.2562379e-003 -2.8434997e-002 -5.3075071e-003  1.6871252e-002 -1.1563745e-002 -1.4025664e-002  1.1689368e-003  2.4049861e-003  3.0330583e-002  2.2474402e-002  1.4716612e-002
  2.1166934e-002 -1.5144685e-002 -3.6311620e-002 -2.0074167e-003  1.9159518e-002 -1.7152102e-002  2.6816594e-002  2.7541858e-002 -7.0439391e-003  1.4502722e-002  1.0734752e-002  1.0604631e-002
  9.8817815e-003 -1.1958125e-002 -2.1839907e-002  6.9211461e-004  1.0573896e-002 -1.1266011e-002  3.1060789e-002  2.8765365e-002 -2.2967823e-002 -4.2324701e-002 -2.8389068e-002 -4.2112761e-003
  4.1255596e-003 -3.9364158e-003 -8.0619754e-003 -6.3047942e-005  4.0625116e-003 -3.9994638e-003  3.4093736e-002  3.1702605e-002 -1.1808656e-002 -4.2804428e-002 -4.0184997e-002 -2.5641106e-002
  4.2977448e-003 -3.0822044e-003 -7.3799493e-003 -4.0518013e-004  3.8925647e-003 -3.4873846e-003  3.9346208e-002  1.0892346e-002 -9.8091424e-003 -1.6312787e-002 -1.1844114e-002 -3.1354754e-003
 -1.3791752e-002 -7.1456586e-003  6.6460940e-003  6.9791370e-003 -6.8126156e-003 -1.6652143e-004 -5.6978569e-003 -2.4959955e-002 -1.5627060e-002 -1.2764710e-002 -9.9490768e-003 -9.3035374e-003
  1.9970828e-003  6.7089276e-003  4.7118448e-003 -2.9020035e-003 -9.0492065e-004  3.8069241e-003 -3.8097917e-002 -9.5733419e-003  2.3510705e-002  3.4772000e-002  2.4642493e-002  1.4474952e-002
  1.8994963e-003  4.1102742e-003  2.2107778e-003 -2.0032568e-003 -1.0376051e-004  2.1070173e-003  1.7080021e-003  1.0110766e-002  9.1895978e-003  1.4439568e-002  1.4259554e-002  7.2287152e-003
 -8.3263218e-004 -8.1585442e-003 -7.3259121e-003  2.9970588e-003  2.1644267e-003 -5.1614854e-003  2.9112389e-002  1.1438414e-002 -1.9846654e-002 -3.6180806e-002 -2.6323050e-002 -9.4887348e-003
 -2.2739559e-003  1.8408405e-003  4.1147964e-003  1.4437176e-004 -2.1295841e-003  1.9852123e-003 -1.6407297e-002 -1.3468290e-002  8.5041165e-003  1.3964170e-002  5.2886252e-003 -2.4597185e-003
  9.6768766e-004  2.1577137e-003  1.1900260e-003 -1.0418005e-003 -7.4112789e-005  1.1159132e-003 -2.6133649e-002 -1.4067364e-002  4.3440857e-003  1.4382428e-002  1.2927557e-002  8.1974393e-003
  2.7542519e-003  7.0528111e-003  4.2985593e-003 -3.2690210e-003 -5.1476917e-004  3.7837902e-003  2.1500936e-002  2.3556139e-002 -3.1263111e-004 -8.4599020e-003 -1.2857919e-003  1.3895261e-003
  4.4268135e-003 -1.4084415e-002 -1.8511228e-002  3.2192003e-003  7.6460139e-003 -1.0865214e-002  6.4572741e-002  4.7059404e-002 -5.4406287e-003 -2.7795266e-002 -2.0189635e-002 -3.9105993e-003
 -1.6933680e-002 -2.5416776e-002 -8.4830967e-003  1.4116818e-002 -2.8168608e-003 -1.1299958e-002  7.7288781e-002  2.2108455e-002 -3.5004709e-002 -5.4433099e-002 -4.2832580e-002 -1.9458118e-002
 -1.8664256e-002 -2.3547003e-002 -4.8827468e-003  1.4070420e-002 -4.5938364e-003 -9.4765832e-003  2.1188074e-002 -9.9956594e-003 -4.1578402e-002 -5.7892377e-002 -3.8968169e-002 -1.0551392e-002
 -4.0713190e-003 -7.2990440e-003 -3.2277251e-003  3.7901210e-003 -2.8119796e-004 -3.5089231e-003 -1.7142823e-002 -6.1882145e-003 -2.0573129e-002 -4.2680760e-002 -3.0626462e-002 -4.4048675e-003
  2.1848803e-003 -8.3489962e-004 -3.0197800e-003 -4.4999357e-004  1.7348867e-003 -1.2848931e-003  9.7184209e-004  2.4552151e-002  2.4590663e-002 -6.9268334e-003 -1.3660168e-002 -6.6154181e-003
  7.9961559e-004  4.1023517e-003  3.3027361e-003 -1.6339891e-003 -8.3437349e-004  2.4683625e-003 -1.2651243e-002  2.2034174e-002  2.5423670e-002  6.7696261e-004 -1.8951800e-002 -4.3464605e-003
 -3.4355845e-003  3.2407774e-004  3.7596623e-003  1.0371689e-003 -2.3984156e-003  1.3612467e-003 -5.4768003e-003  1.2824664e-002  7.2701611e-004 -1.8616131e-002 -3.1110219e-002 -1.5947637e-002
 -5.5930493e-003 -4.9154361e-003  6.7761316e-004  3.5028284e-003 -2.0902208e-003 -1.4126077e-003  2.2009458e-003  3.1932694e-003 -6.6721246e-003 -9.2651021e-003 -1.2079875e-002 -6.9379584e-003
 -4.4175550e-003 -7.3114011e-003 -2.8938463e-003  3.9096521e-003 -5.0790290e-004 -3.4017492e-003  1.5566037e-003 -4.4223459e-003 -1.3816875e-003  1.0361313e-002  9.2132945e-003  3.6122048e-003
 -6.1607027e-003 -1.1220681e-002 -5.0599789e-003  5.7937946e-003 -3.6690791e-004 -5.4268867e-003  7.9217226e-003 -2.8983141e-003  3.4052711e-004  7.0906776e-003  7.1544361e-003  4.5360579e-003
 -1.2532416e-002 -1.3030272e-002 -4.9785701e-004  8.5208959e-003 -4.0115194e-003 -4.5093765e-003  1.7200128e-002 -8.7106405e-003 -2.5076183e-002 -4.4008594e-002 -3.4455400e-002 -1.5526026e-002
 -2.2141943e-002 -1.5826311e-002  6.3156328e-003  1.2656085e-002 -9.4858588e-003 -3.1702258e-003  3.6825431e-003 -2.5879898e-002 -7.6674215e-002 -1.0373444e-001 -7.9602382e-002 -3.4582208e-002
 -1.8157265e-002 -2.6401569e-003  1.5517108e-002  6.9324740e-003 -1.1224791e-002  4.2923171e-003 -1.8479276e-003 -2.3159225e-002 -6.5444218e-002 -8.0415108e-002 -6.1075019e-002 -2.8646323e-002
  2.4111534e-003  4.5121378e-003  2.1009844e-003 -2.3077637e-003  1.0338970e-004  2.2043740e-003  3.9206993e-003 -7.5909750e-003 -2.3896481e-002 -3.0594477e-002 -2.1165772e-002 -1.2017268e-002
  5.9221154e-003  8.0579181e-003  2.1358027e-003 -4.6600111e-003  1.2621042e-003  3.3979070e-003 -3.3839567e-003  1.3594475e-002  3.0569630e-002  3.2968301e-002  2.1588662e-002  1.2636695e-002
  8.8042759e-003 -2.9894956e-003 -1.1793771e-002 -1.9382600e-003  6.8660157e-003 -4.9277556e-003 -1.7184098e-003  1.3439915e-002  4.1391160e-002  5.4642362e-002  4.2631749e-002  2.1202280e-002
 -7.9696472e-003 -5.2320509e-003  2.7375962e-003  4.4005660e-003 -3.5690811e-003 -8.3148485e-004  6.2042919e-003 -1.0236638e-002 -1.8468256e-002 -1.9431260e-002 -1.4485754e-002 -1.3140257e-002
  1.8432875e-003  6.0388524e-003  4.1955648e-003 -2.6273799e-003 -7.8409243e-004  3.4114724e-003 -8.1230222e-003  7.5640216e-004 -5.9889784e-003 -1.4220085e-002 -1.1867814e-002  3.8826547e-004
  7.2664350e-003  8.8792959e-004 -6.3785054e-003 -2.7181215e-003  4.5483135e-003 -1.8301919e-003  7.0395254e-003  1.1447534e-002  1.8948805e-002  2.7892878e-002  2.1958764e-002  9.9915068e-003
 -9.0029349e-003 -7.8930129e-003  1.1099221e-003  5.6319826e-003 -3.3709524e-003 -2.2610302e-003 -6.4124732e-006 -1.6183338e-002 -1.2341623e-002 -8.0327010e-003 -3.5449063e-003 -6.5628404e-003
 -6.5405915e-003 -1.7062997e-003  4.8342917e-003  2.7489637e-003 -3.7916276e-003  1.0426639e-003 -8.3989020e-003 -2.2746861e-004  5.1970924e-003 -8.7283577e-003 -1.3183607e-002 -1.0494642e-002
 -4.6941952e-003 -3.6802624e-003  1.0139328e-003  2.7914859e-003 -1.9027093e-003 -8.8877653e-004 -1.3677082e-002  9.1943185e-003  4.9348692e-003 -8.9865200e-003 -6.5653877e-003  3.7944362e-003
 -2.3010904e-003  1.1814001e-003  3.4824904e-003  3.7323008e-004 -1.9278602e-003  1.5546302e-003 -4.3062995e-002  8.5731357e-003 -3.0224229e-002 -2.0859268e-002 -1.3894115e-002  1.4701249e-003
  5.5266015e-003  1.5737200e-002  1.0210599e-002 -7.0879338e-003 -1.5613324e-003  8.6492663e-003 -6.3269238e-002  2.1028043e-003 -4.4748301e-002 -4.7811884e-003 -1.6865173e-003  6.1744016e-003
  1.3367455e-002  2.4023510e-002  1.0656055e-002 -1.2463655e-002  9.0379989e-004  1.1559855e-002 -6.0134731e-002 -7.5758995e-003 -3.2824813e-002  1.3125823e-002  1.3152708e-002  1.4420730e-002
  1.0290532e-002  1.5978078e-002  5.6875461e-003 -8.7562034e-003  1.5343286e-003  7.2218748e-003  1.4605975e-003  9.8091902e-003  1.7082872e-003  6.1117741e-003  6.7579703e-003  9.7011793e-003
  1.9671272e-004 -2.0075223e-003 -2.2042349e-003  6.0360316e-004  8.0031592e-004 -1.4039191e-003  6.4715692e-002  4.1289330e-002  2.1013950e-002 -2.7669393e-002 -1.9972649e-002 -5.5497716e-003
 -1.0992485e-002 -2.2170173e-002 -1.1177688e-002  1.1054219e-002  6.1734256e-005 -1.1115954e-002  9.6178587e-002  7.5570559e-002  2.7978321e-002 -3.7214229e-002 -3.5704023e-002 -2.5103512e-002
 -2.2554966e-002 -2.9859642e-002 -7.3046758e-003  1.7471536e-002 -5.0834299e-003 -1.2388106e-002  8.8145762e-002  5.3048425e-002  1.1799443e-002 -4.5525155e-002 -4.6770738e-002 -3.7020292e-002
 -1.2432970e-002 -2.7505888e-003  9.6823811e-003  5.0611862e-003 -7.3717837e-003  2.3105974e-003  6.3287336e-003  3.8601810e-003  1.4463309e-003 -2.5344460e-002 -2.2754593e-002 -1.0752670e-002
  8.0795306e-003  1.0095513e-002  2.0159820e-003 -6.0583477e-003  2.0211828e-003  4.0371649e-003 -3.8654671e-002 -1.3580452e-002  9.7793870e-003  2.4177201e-002  1.8739717e-002  1.1073162e-002
  1.4348065e-002  8.8363234e-003 -5.5117413e-003 -7.7281294e-003  6.6199352e-003  1.1081940e-003 -3.2468645e-002 -2.7208738e-002 -1.4918181e-002  2.9289201e-002  2.9841092e-002  1.9060503e-002
 -5.9451376e-003 -2.0843635e-003  3.8607741e-003  2.6765003e-003 -3.2686371e-003  5.9213685e-004  1.5500847e-002 -8.0426303e-004 -1.3570397e-002 -1.9693284e-002 -1.4495498e-002 -7.1336775e-003
 -5.7891090e-003 -4.0590861e-003  1.7300230e-003  3.2827317e-003 -2.5063773e-003 -7.7635434e-004  2.0525735e-002  2.6745392e-002  2.9046569e-002  9.1892343e-004 -5.6216483e-003 -6.1809039e-003
  5.5511515e-003 -1.7244294e-003 -7.2755810e-003 -1.2755740e-003  4.2755774e-003 -3.0000035e-003 -2.3315279e-002 -1.3950262e-002 -1.0724723e-002  3.4073694e-003  5.4051936e-003  3.5020748e-003
  4.8681080e-003  4.0759656e-003 -7.9214237e-004 -2.9813579e-003  1.8867502e-003  1.0946078e-003 -1.8285190e-002 -2.1268543e-002 -2.8724242e-002 -1.2174741e-002 -5.8110111e-003 -5.6084751e-004
 -1.3135857e-003  4.6284146e-003  5.9420003e-003 -1.1049430e-003 -2.4185287e-003  3.5234716e-003  3.1469130e-002  1.9596401e-002  1.3374982e-002  1.0471788e-002  7.0379334e-003  3.2194579e-003
 -1.1331424e-002 -9.8704142e-004  1.0344383e-002  4.1061553e-003 -7.2252692e-003  3.1191139e-003  4.7158056e-002  1.6783096e-002  3.2130992e-002  2.4497962e-002  1.7210487e-002  9.6992395e-003
 -1.2229211e-002  7.8474671e-003  2.0076678e-002  1.4605813e-003 -1.0768630e-002  9.3080485e-003 -1.7699769e-002 -1.5192469e-002  2.1289966e-002  1.9265405e-002  1.1754247e-002  2.8733629e-003
  1.9366055e-003  1.7534234e-002  1.5597628e-002 -6.4902797e-003 -4.5536741e-003  1.1043954e-002 -5.8997679e-002 -2.4625276e-002  1.7714861e-002  2.4588026e-002  2.7182739e-002  2.4494802e-002
  2.6145493e-003  2.2163104e-002  1.9548555e-002 -8.2592179e-003 -5.6446687e-003  1.3903887e-002 -6.2209982e-002 -2.7348239e-002  1.0309817e-002  1.8241938e-002  1.9313581e-002  1.2687977e-002
  5.6478673e-003  1.1448814e-002  5.8009464e-003 -5.6988937e-003 -5.1026277e-005  5.7499199e-003 -4.4030095e-002 -2.3083205e-002 -3.5630817e-003  2.8579979e-003  1.2589324e-002  1.0286445e-002
  7.1298642e-003  8.8935036e-003  1.7636395e-003 -5.3411226e-003  1.7887416e-003  3.5523811e-003 -3.3620551e-002 -2.4630180e-002 -1.3140581e-002 -6.3699756e-003  7.1705885e-004  1.3952141e-003
  2.3730528e-003  7.7787488e-004 -1.5951779e-003 -1.0503092e-003  1.3227436e-003 -2.7243437e-004 -1.4149108e-002 -9.0654363e-003 -6.6335393e-003 -5.1194102e-003 -3.8901244e-004 -1.1194596e-003
 -3.5216000e-003 -2.9090755e-003  6.1252452e-004  2.1435585e-003 -1.3780415e-003 -7.6551697e-004 -9.5337570e-003  2.7066357e-002 -4.0241436e-003 -2.5269127e-002 -1.4233370e-002 -1.1280130e-002
 -2.6517894e-003 -8.2293527e-003 -5.5775635e-003  3.6270474e-003  9.7525800e-004 -4.6023055e-003 -2.1474197e-002  2.5207119e-002  6.2573836e-003 -1.5309645e-002 -8.2987084e-003 -6.6520700e-003
  3.3018798e-003 -6.6545863e-003 -9.9564661e-003  1.1175689e-003  4.4194486e-003 -5.5370175e-003 -2.1276371e-002  2.7564020e-002  1.3829414e-002  6.0067222e-003  5.9402844e-003  3.4155115e-003
  7.7775906e-003 -1.7932841e-003 -9.5708746e-003 -1.9947688e-003  5.7828218e-003 -3.7880529e-003 -1.9070197e-002  2.9769281e-002  1.6006947e-003  9.5464466e-003  8.9382037e-003  7.3356105e-003
  3.9850451e-003  4.3767736e-003  3.9172841e-004 -2.7872729e-003  1.1977722e-003  1.5895007e-003 -2.2806804e-002  3.1490074e-002 -2.3490395e-002 -7.2851552e-003 -3.3654128e-003  1.4175981e-003
 -1.5790154e-003  7.8403282e-003  9.4193434e-003 -2.0871043e-003 -3.6661197e-003  5.7532239e-003 -3.6203634e-002  3.2472038e-003 -5.6553498e-002 -4.8581248e-002 -2.9774540e-002 -6.0458842e-003
 -9.4034912e-003  1.0869170e-002  2.0272662e-002 -4.8855965e-004 -9.8920510e-003  1.0380611e-002 -2.4451012e-002 -3.1612319e-002 -6.3853176e-002 -7.3804083e-002 -4.7615241e-002 -1.2171424e-002
 -4.5252913e-003 -6.5682056e-004  3.8684709e-003  1.7273706e-003 -2.7979207e-003  1.0705501e-003 -8.5817834e-003 -1.8766847e-002 -3.6419602e-002 -3.9247906e-002 -2.0991394e-002 -9.4471427e-004
  6.0585699e-004 -3.8733938e-003 -4.4792508e-003  1.0891789e-003  1.6950359e-003 -2.7842149e-003 -8.2380166e-003 -1.1423693e-002 -1.0977810e-002 -1.3731082e-002 -1.0914122e-002 -6.2149870e-003
  1.8201101e-003  6.8363984e-004 -1.1364702e-003 -8.3458330e-004  9.8552675e-004 -1.5094345e-004  1.7480821e-002  2.6158209e-002  3.8336340e-002  3.0821018e-002  1.1428132e-002 -2.7629762e-003
  3.7665963e-003  3.2316122e-003 -5.3498402e-004 -2.3327362e-003  1.4338601e-003  8.9887606e-004  1.1834494e-003  1.3593655e-002  3.3824200e-002  4.4636505e-002  3.0978800e-002  1.1646260e-002
 -7.7070860e-004  2.9331657e-003  3.7038742e-003 -7.2081900e-004 -1.4915276e-003  2.2123466e-003 -7.4184028e-003 -1.4938573e-002 -2.2872974e-002 -2.0136319e-002 -7.6008911e-003 -2.0265988e-003
 -1.5662081e-003 -2.7541576e-003 -1.1879495e-003  1.4401219e-003 -1.2608619e-004 -1.3140357e-003  4.4321802e-003  4.0962407e-003 -3.8666866e-004 -9.6995866e-003 -1.2281700e-002 -4.0474574e-003
  7.8313583e-004  3.9099582e-003  3.1268224e-003 -1.5643647e-003 -7.8122883e-004  2.3455935e-003 -7.6110751e-003  8.5524981e-003  2.2798017e-002  2.5321066e-002  1.2661990e-002 -9.4550685e-006
  2.7972186e-003  5.4291480e-003  2.6319294e-003 -2.7421222e-003  5.5096435e-005  2.6870258e-003 -6.9145569e-003 -1.1288413e-002 -9.0744011e-003 -3.8530160e-003  5.3436892e-003  5.2763795e-003
 -1.9285746e-004 -1.4911036e-003 -1.2982461e-003  5.6132035e-004  3.6846291e-004 -9.2978324e-004  1.0946249e-002 -1.1196494e-002 -2.4580064e-002 -2.0189490e-002 -3.3625867e-003  5.1087229e-003
  4.3623896e-004 -1.1525537e-002 -1.1961776e-002  3.6964326e-003  4.1326715e-003 -7.8291042e-003  4.2838695e-002  9.2399382e-003 -2.2504229e-002 -1.8611675e-002 -4.7463764e-003  2.2968910e-003
 -1.0479470e-002 -2.8544056e-002 -1.8064586e-002  1.3007842e-002  2.5283720e-003 -1.5536214e-002  7.1403100e-002  7.9093375e-003 -3.6947537e-002 -2.8668550e-002 -1.4347506e-002 -1.0073958e-002
 -1.4997539e-002 -4.3246885e-002 -2.8249347e-002  1.9414808e-002  4.4172692e-003 -2.3832077e-002  2.5896571e-002 -2.8320723e-002 -5.7354432e-002 -4.6987777e-002 -2.8291413e-002 -2.1155512e-002
 -3.4575637e-003 -3.4505176e-002 -3.1047612e-002  1.2654246e-002  9.1966826e-003 -2.1850929e-002 -1.4018829e-002 -1.3990477e-002 -2.5774996e-002 -2.2654601e-002 -7.9547283e-003 -3.3262939e-003
  8.1564896e-003 -2.1283310e-002 -2.9439799e-002  4.3756066e-003  1.2532096e-002 -1.6907703e-002  2.1004028e-003  2.4124015e-002  2.0546256e-002  1.1760280e-002  1.0640150e-002  1.1187345e-002
  1.8057004e-002 -6.9901474e-003 -2.5047151e-002 -3.6889521e-003  1.4368052e-002 -1.0679099e-002  1.5517744e-002  4.0762173e-002  4.4947177e-002  3.7729365e-002  3.4257244e-002  2.5932810e-002
  2.4481196e-002  5.2591995e-003 -1.9221997e-002 -9.9134653e-003  1.4567731e-002 -4.6542658e-003  2.6191547e-002  4.2595295e-002  4.4917619e-002  4.1689216e-002  3.5686440e-002  2.8381052e-002
  1.7533345e-002  2.1493824e-004 -1.7318407e-002 -5.9160946e-003  1.1617251e-002 -5.7011563e-003  3.9135301e-002  3.9811570e-002  3.1720895e-002  3.2290005e-002  3.0723946e-002  3.0613506e-002
  7.8396139e-003 -3.7605036e-003 -1.1600118e-002 -1.3597034e-003  6.4799105e-003 -5.1202071e-003  3.9062036e-002  2.2537673e-002  1.0814828e-002  1.5891270e-002  1.8723794e-002  1.8269803e-002
 -1.0917149e-004 -1.3884600e-002 -1.3775428e-002  4.6645903e-003  4.5554188e-003 -9.2200092e-003  4.4185183e-002  1.9434241e-002  8.1030939e-004  4.1674260e-003  7.1416220e-003  8.8212100e-003
 -1.1719574e-002 -2.2833644e-002 -1.1114070e-002  1.1517739e-002 -2.0183450e-004 -1.1315905e-002  5.9506950e-002  1.9099837e-002 -8.0371491e-003 -4.6696461e-003 -5.5858676e-003 -5.5125134e-003
 -2.7007603e-002 -3.8630586e-002 -1.1622983e-002  2.1879396e-002 -5.1282068e-003 -1.6751189e-002  4.1534784e-002 -1.2249626e-002 -3.7382283e-002 -3.2018916e-002 -2.9760519e-002 -2.4501770e-002
 -1.3500471e-002 -2.4431092e-002 -1.0930621e-002  1.2643854e-002 -8.5661658e-004 -1.1787238e-002 -2.5371136e-002 -3.8850185e-002 -3.9666057e-002 -2.7414079e-002 -1.5092949e-002 -9.8879740e-003
